

Software Version	2.07.17



Experiment File Path:	C:\Users\Public\Documents\Experiments\DA\211029-UPreselection\211029-UPreselection.xpt
Protocol File Path:	C:\Users\Public\Documents\Protocols\OD600_GFP_RFP_35gain.prt



Plate Number	Plate 2
Date	10/29/2021
Time	11:33:46 AM
Reader Type:	Synergy HTX
Reader Serial Number:	15021819
Reading Type	Reader

Procedure Details

Plate Type	96 WELL PLATE
Well Selection	Runtime
Eject plate on completion	
Read	Absorbance Endpoint
	Full Plate
	Wavelengths:  600
	Read Speed: Normal,  Delay: 100 msec,  Measurements/Data Point: 8
Read	GFP+RFP
	Fluorescence Endpoint
	Full Plate
	Filter Set 1
	    Excitation: 485/20,  Emission: 528/20
	    Optics: Bottom,  Gain: 35
	Filter Set 2
	    Excitation: 540/35,  Emission: 600/40
	    Optics: Bottom,  Gain: 35
	Light Source: Tungsten,  Extended Dynamic Range
	Read Speed: Normal,  Delay: 100 msec,  Measurements/Data Point: 10



Actual Temperature:	21.3



Actual Temperature:	21.4



Actual Temperature:	21.4

Results
	1	2	3	4	5	6	7	8	9	10	11	12
A	0.949	0.962	0.955	0.936	0.968	0.946	0.882	0.952	0.970	0.955	0.934	0.940	600
	255	260	259	245	255	251	235	255	261	254	250	254	GFP+RFP:485/20,528/20
	50	52	54	65	246	120	74	188	89	76	112	80	GFP+RFP:540/35,600/40
	52.681	54.032	56.521	69.459	254.027	126.850	83.929	197.541	91.781	79.606	119.889	85.106	Ratio
B	0.910	0.958	0.917	0.925	0.964	0.959	0.901	0.929	0.929	0.911	0.947	0.888	600
	239	257	245	244	259	254	240	245	247	242	252	237	GFP+RFP:485/20,528/20
	148	131	197	198	85	75	124	131	83	78	181	150	GFP+RFP:540/35,600/40
	162.602	136.757	214.784	214.123	88.220	78.231	137.686	141.057	89.363	85.573	191.069	168.995	Ratio
C	0.904	0.904	0.920	0.918	0.933	0.947	0.904	0.935	0.947	0.954	0.925	0.920	600
	241	242	256	249	247	253	246	251	257	261	250	248	GFP+RFP:485/20,528/20
	78	58	93	59	112	90	109	110	96	207	87	163	GFP+RFP:540/35,600/40
	86.235	64.166	101.076	64.256	120.004	95.067	120.589	117.597	101.341	217.095	94.024	177.212	Ratio
D	0.920	0.935	0.950	0.950	0.912	0.932	0.945	0.931	0.934	0.945	0.920	0.923	600
	245	251	260	258	244	249	252	249	257	257	250	249	GFP+RFP:485/20,528/20
	153	113	74	120	93	86	978	723	122	234	70	151	GFP+RFP:540/35,600/40
	166.286	120.881	77.870	126.289	101.918	92.294	1034.811	776.584	130.635	247.750	76.070	163.632	Ratio
E	0.943	0.910	0.939	0.960	0.915	0.960	0.939	0.935	0.938	0.925	0.920	0.915	600
	248	246	257	262	246	261	254	256	256	252	255	251	GFP+RFP:485/20,528/20
	165	96	66	86	124	125	55	90	91	54	100	161	GFP+RFP:540/35,600/40
	175.048	105.460	70.303	89.574	135.460	130.181	58.567	96.288	97.005	58.378	108.731	176.033	Ratio
F	0.958	0.990	0.982	0.977	0.987	0.972	0.988	0.999	0.981	0.982	0.964	0.949	600
	260	265	266	265	269	262	267	272	265	276	259	260	GFP+RFP:485/20,528/20
	130	373	134	99	95	93	90	74	86	182	238	84	GFP+RFP:540/35,600/40
	135.699	376.806	136.512	101.331	96.251	95.689	91.075	74.059	87.630	185.317	247.016	88.477	Ratio
G	0.891	0.901	0.937	0.912	0.914	0.927	0.906	0.923	0.909	0.914	0.916	0.928	600
	239	244	256	249	250	254	250	253	249	251	253	255	GFP+RFP:485/20,528/20
	111	62	137	135	330	343	200	363	118	117	118	58	GFP+RFP:540/35,600/40
	124.551	68.774	146.211	148.059	361.169	370.171	220.824	393.155	129.813	128.037	128.821	62.500	Ratio
H	0.889	0.881	0.906	0.917	0.929	0.950	0.931	0.937	0.938	0.957	0.937	0.921	600
	240	237	247	251	254	261	282	256	257	261	259	253	GFP+RFP:485/20,528/20
	106	106	149	151	110	113	139	146	96	96	151	93	GFP+RFP:540/35,600/40
	119.168	120.318	164.459	164.703	118.343	118.897	149.318	155.767	102.400	100.355	161.084	100.922	Ratio

