

Software Version	2.07.17



Experiment File Path:	C:\Users\Public\Documents\Experiments\DA\211029-UPreselection\211029-UPreselection.xpt
Protocol File Path:	C:\Users\Public\Documents\Protocols\OD600_GFP_RFP_35gain.prt



Plate Number	Plate 4
Date	10/29/2021
Time	11:46:20 AM
Reader Type:	Synergy HTX
Reader Serial Number:	15021819
Reading Type	Reader

Procedure Details

Plate Type	96 WELL PLATE
Well Selection	Runtime
Eject plate on completion	
Read	Absorbance Endpoint
	Full Plate
	Wavelengths:  600
	Read Speed: Normal,  Delay: 100 msec,  Measurements/Data Point: 8
Read	GFP+RFP
	Fluorescence Endpoint
	Full Plate
	Filter Set 1
	    Excitation: 485/20,  Emission: 528/20
	    Optics: Bottom,  Gain: 35
	Filter Set 2
	    Excitation: 540/35,  Emission: 600/40
	    Optics: Bottom,  Gain: 35
	Light Source: Tungsten,  Extended Dynamic Range
	Read Speed: Normal,  Delay: 100 msec,  Measurements/Data Point: 10



Actual Temperature:	21.7



Actual Temperature:	21.7



Actual Temperature:	21.7

Results
	1	2	3	4	5	6	7	8	9	10	11	12
A	0.938	0.945	0.970	0.947	0.950	0.930	0.949	0.961	0.954	0.950	0.920	0.902	600
	255	256	264	251	251	252	250	254	252	249	241	238	GFP+RFP:485/20,528/20
	182	188	185	70	59	62	155	74	74	108	56	54	GFP+RFP:540/35,600/40
	194.009	198.858	190.702	73.925	62.131	66.659	163.364	76.971	77.552	113.684	60.856	59.860	Ratio
B	0.963	0.951	0.964	0.994	0.958	0.955	0.977	0.968	0.973	0.968	0.964	0.947	600
	264	254	255	271	259	255	259	249	257	250	250	247	GFP+RFP:485/20,528/20
	165	146	145	89	75	90	74	73	111	79	181	244	GFP+RFP:540/35,600/40
	171.268	153.523	150.399	89.546	78.329	94.290	75.727	75.437	114.139	81.586	187.759	257.737	Ratio
C	0.947	0.948	0.947	0.953	0.959	0.966	0.929	0.913	0.946	0.941	0.942	0.945	600
	258	254	258	258	259	257	254	245	250	249	251	252	GFP+RFP:485/20,528/20
	454	457	461	104	177	251	118	63	96	81	56	54	GFP+RFP:540/35,600/40
	479.257	482.017	487.058	109.083	184.529	259.781	127.073	68.973	101.523	86.051	59.473	57.173	Ratio
D	0.957	0.936	0.932	0.942	0.954	0.941	0.963	0.965	0.950	0.939	0.957	0.940	600
	266	254	252	253	258	249	253	258	251	249	255	246	GFP+RFP:485/20,528/20
	146	67	92	293	71	157	423	179	84	74	296	409	GFP+RFP:540/35,600/40
	152.560	71.596	98.712	310.941	74.400	166.932	439.389	185.473	88.430	78.799	309.171	435.153	Ratio
E	0.942	0.945	0.949	0.963	0.885	0.935	0.955	0.961	0.948	0.971	0.941	0.941	600
	257	257	262	265	244	257	257	262	257	262	251	254	GFP+RFP:485/20,528/20
	123	120	156	194	83	145	90	209	84	105	172	172	GFP+RFP:540/35,600/40
	130.587	126.971	164.366	201.433	93.807	155.113	94.211	217.527	88.580	108.147	182.862	182.881	Ratio
F	0.966	0.964	0.945	0.923	0.953	0.940	0.973	0.953	0.958	0.951	0.936	0.940	600
	264	264	270	257	263	259	265	255	261	257	253	252	GFP+RFP:485/20,528/20
	84	124	54	131	181	106	329	188	85	135	55	77	GFP+RFP:540/35,600/40
	86.948	128.644	57.173	141.944	189.847	112.754	338.199	197.334	88.708	141.926	58.754	81.915	Ratio
G	0.933	0.960	0.941	0.932	0.939	0.894	0.936	0.957	0.947	0.954	0.935	0.937	600
	254	260	257	257	254	246	252	262	258	259	255	254	GFP+RFP:485/20,528/20
	59	60	218	220	60	141	55	69	57	68	96	228	GFP+RFP:540/35,600/40
	63.244	62.487	231.619	236.153	63.925	157.789	58.736	72.138	60.209	71.309	102.718	243.382	Ratio
H	0.957	0.937	0.969	0.933	0.941	0.955	0.956	0.955	0.960	0.933	0.946	0.938	600
	261	256	264	255	258	260	262	258	259	248	253	250	GFP+RFP:485/20,528/20
	113	51	159	119	137	103	156	67	121	198	202	117	GFP+RFP:540/35,600/40
	118.139	54.417	164.087	127.546	145.543	107.865	163.146	70.128	126.042	212.264	213.531	124.747	Ratio

