

Software Version	2.07.17



Experiment File Path:	C:\Users\Public\Documents\Experiments\DA\210817-spacers-ecoli\210817-spacers-ecoli.xpt
Protocol File Path:	C:\Users\Public\Documents\Protocols\OD600_GFP_RFP_35gain.prt



Plate Number	Plate 5
Date	8/17/2021
Time	10:56:40 AM
Reader Type:	Synergy HTX
Reader Serial Number:	15021819
Reading Type	Reader

Procedure Details

Plate Type	96 WELL PLATE
Well Selection	Runtime
Eject plate on completion	
Read	Absorbance Endpoint
	Full Plate
	Wavelengths:  600
	Read Speed: Normal,  Delay: 100 msec,  Measurements/Data Point: 8
Read	GFP+RFP
	Fluorescence Endpoint
	Full Plate
	Filter Set 1
	    Excitation: 485/20,  Emission: 528/20
	    Optics: Bottom,  Gain: 35
	Filter Set 2
	    Excitation: 540/35,  Emission: 600/40
	    Optics: Bottom,  Gain: 35
	Light Source: Tungsten,  Extended Dynamic Range
	Read Speed: Normal,  Delay: 100 msec,  Measurements/Data Point: 10



Actual Temperature:	21.0



Actual Temperature:	21.1



Actual Temperature:	21.1

Results
	1	2	3	4	5	6	7	8	9	10	11	12
A	0.045	0.043	0.044	0.044	0.044	0.043	0.043	0.044	0.043	0.044	0.044	0.044	600
	28	31	29	32	32	31	30	35	32	34	30	30	GFP+RFP:485/20,528/20
	61	58	59	61	60	59	56	60	58	58	61	61	GFP+RFP:540/35,600/40
	1364.653	1336.406	1340.909	1386.364	1372.998	1378.505	1317.647	1366.743	1355.140	1303.371	1373.874	1389.522	Ratio
B	0.044	0.043	0.035	0.041	0.035	0.034	0.044	0.044	0.045	0.045	0.045	0.043	600
	30	33	28	31	26	27	34	31	31	32	34	28	GFP+RFP:485/20,528/20
	60	61	49	48	49	46	58	60	57	59	60	57	GFP+RFP:540/35,600/40
	1372.998	1421.911	1404.011	1182.266	1396.011	1348.974	1318.182	1348.315	1269.488	1308.204	1327.434	1322.506	Ratio
C	0.043	0.033	0.036	0.036	0.035	0.034	0.055	0.045	0.045	0.045	0.045	0.043	600
	29	28	28	26	29	27	30	28	30	33	31	31	GFP+RFP:485/20,528/20
	57	49	50	46	45	44	58	58	59	59	59	60	GFP+RFP:540/35,600/40
	1310.345	1484.848	1385.042	1270.718	1271.186	1279.070	1064.220	1288.889	1314.031	1308.204	1308.204	1408.451	Ratio
D	0.044	0.034	0.045	0.036	0.034	0.034	0.047	0.051	0.045	0.045	0.044	0.044	600
	28	28	30	25	26	26	31	32	33	32	31	31	GFP+RFP:485/20,528/20
	60	47	49	42	45	47	58	61	60	59	59	54	GFP+RFP:540/35,600/40
	1369.863	1402.985	1084.071	1163.435	1311.953	1374.269	1234.043	1193.738	1333.333	1311.111	1340.909	1238.532	Ratio
E	0.048	0.037	0.035	0.036	0.038	0.034	0.044	0.043	0.045	0.044	0.043	0.044	600
	35	24	28	25	25	26	30	35	32	30	32	31	GFP+RFP:485/20,528/20
	59	50	48	45	44	45	57	56	56	60	58	60	GFP+RFP:540/35,600/40
	1236.897	1333.333	1371.429	1264.045	1167.109	1319.648	1298.405	1290.323	1252.796	1363.636	1358.314	1360.544	Ratio
F	0.043	0.050	0.045	0.045	0.045	0.044	0.044	0.035	0.921	0.931	0.927	1.037	600
	34	32	34	33	31	32	32	27	201	207	199	230	GFP+RFP:485/20,528/20
	60	59	60	59	61	60	61	50	194	86	103	17840	GFP+RFP:540/35,600/40
	1379.310	1170.635	1336.303	1319.911	1349.558	1357.466	1376.975	1408.451	210.618	92.354	111.051	17211.770	Ratio
G	0.043	0.045	0.045	0.045	0.044	0.044	0.044	0.036	0.919	0.891	0.909	1.003	600
	35	33	32	30	32	33	30	29	197	184	195	221	GFP+RFP:485/20,528/20
	61	60	60	59	60	57	60	50	201	43	104	15755	GFP+RFP:540/35,600/40
	1408.776	1330.377	1327.434	1314.031	1351.351	1295.455	1372.998	1396.648	218.597	48.266	114.424	15704.745	Ratio
H	0.044	0.044	0.044	0.042	0.043	0.043	0.043	0.035	0.899	0.889	0.802	1.040	600
	32	31	31	33	29	32	32	28	192	187	184	217	GFP+RFP:485/20,528/20
	58	61	55	57	60	58	59	50	210	46	43	17739	GFP+RFP:540/35,600/40
	1312.217	1383.220	1258.581	1344.340	1385.681	1358.314	1378.505	1416.431	233.489	51.761	53.583	17055.091	Ratio

