

Software Version	2.07.17



Experiment File Path:	C:\Users\Public\Documents\Experiments\DA\210817-spacers-ecoli\210817-spacers-ecoli.xpt
Protocol File Path:	C:\Users\Public\Documents\Protocols\OD600_GFP_RFP_35gain.prt



Plate Number	Plate 3
Date	8/17/2021
Time	10:48:40 AM
Reader Type:	Synergy HTX
Reader Serial Number:	15021819
Reading Type	Reader

Procedure Details

Plate Type	96 WELL PLATE
Well Selection	Runtime
Eject plate on completion	
Read	Absorbance Endpoint
	Full Plate
	Wavelengths:  600
	Read Speed: Normal,  Delay: 100 msec,  Measurements/Data Point: 8
Read	GFP+RFP
	Fluorescence Endpoint
	Full Plate
	Filter Set 1
	    Excitation: 485/20,  Emission: 528/20
	    Optics: Bottom,  Gain: 35
	Filter Set 2
	    Excitation: 540/35,  Emission: 600/40
	    Optics: Bottom,  Gain: 35
	Light Source: Tungsten,  Extended Dynamic Range
	Read Speed: Normal,  Delay: 100 msec,  Measurements/Data Point: 10



Actual Temperature:	20.8



Actual Temperature:	20.8



Actual Temperature:	20.8

Results
	1	2	3	4	5	6	7	8	9	10	11	12
A	0.882	0.852	0.867	0.914	0.913	0.887	0.872	0.885	0.892	0.874	0.877	0.868	600
	140	142	128	96	154	160	155	162	165	166	153	139	GFP+RFP:485/20,528/20
	131	121	129	143	132	225	136	124	122	129	138	116	GFP+RFP:540/35,600/40
	148.492	142.069	148.840	156.489	144.610	253.578	155.910	140.176	136.787	147.631	157.301	133.641	Ratio
B	0.833	0.889	0.880	0.894	0.890	0.876	0.835	0.881	0.879	0.917	0.867	0.875	600
	138	145	133	134	124	136	142	151	167	188	184	141	GFP+RFP:485/20,528/20
	138	132	126	139	127	130	168	119	108	234	133	126	GFP+RFP:540/35,600/40
	165.627	148.431	143.247	155.498	142.649	148.351	201.198	135.012	122.839	255.124	153.367	144.082	Ratio
C	0.871	0.880	0.890	0.883	0.905	0.877	0.899	0.866	0.869	0.892	0.879	0.857	600
	124	163	147	117	150	168	157	161	164	178	161	151	GFP+RFP:485/20,528/20
	135	109	126	135	132	121	124	130	110	152	204	142	GFP+RFP:540/35,600/40
	155.030	123.878	141.541	152.801	145.921	137.939	137.885	150.098	126.553	170.461	232.056	165.714	Ratio
D	0.912	0.862	0.848	0.887	0.888	0.888	0.866	0.865	0.879	0.863	0.849	0.847	600
	182	110	84	146	153	154	150	160	134	114	130	165	GFP+RFP:485/20,528/20
	5143	133	143	149	1099	133	142	100	150	136	118	108	GFP+RFP:540/35,600/40
	5638.636	154.274	168.712	168.039	1237.334	149.707	164.048	115.674	170.668	157.535	139.003	127.509	Ratio
E	0.894	0.901	0.883	0.891	0.883	0.885	0.891	0.899	0.892	0.898	0.903	0.861	600
	170	166	137	150	143	173	156	162	164	120	152	96	GFP+RFP:485/20,528/20
	890	113	151	128	1053	121	109	129	120	264	640	138	GFP+RFP:540/35,600/40
	995.971	125.430	171.047	143.691	1192.661	136.708	122.362	143.493	134.574	293.921	708.513	160.260	Ratio
F	0.881	0.890	0.898	0.888	0.893	0.879	0.906	0.883	0.895	0.884	0.881	0.845	600
	171	174	174	124	165	160	164	168	170	174	152	115	GFP+RFP:485/20,528/20
	125	114	126	116	264	118	123	107	142	119	129	142	GFP+RFP:540/35,600/40
	141.916	128.032	140.327	130.601	295.699	134.274	135.822	121.192	158.571	134.676	146.408	168.008	Ratio
G	0.890	0.894	0.907	0.904	0.883	0.889	0.881	0.856	0.876	0.852	0.852	0.846	600
	173	178	177	166	160	170	176	160	174	180	173	156	GFP+RFP:485/20,528/20
	190	130	116	1982	116	152	136	105	130	119	644	128	GFP+RFP:540/35,600/40
	213.363	145.414	127.894	2193.448	131.311	171.056	154.423	122.707	148.385	139.704	756.312	151.318	Ratio
H	0.894	0.871	0.878	0.880	0.895	0.869	0.878	0.863	0.883	0.868	0.876	0.838	600
	178	172	165	123	170	171	170	173	171	169	158	118	GFP+RFP:485/20,528/20
	196	109	118	326	108	213	154	119	128	125	123	151	GFP+RFP:540/35,600/40
	219.313	125.187	134.412	370.539	120.711	245.250	175.399	137.859	145.026	144.059	140.427	180.148	Ratio

