

Software Version	2.07.17



Experiment File Path:	C:\Users\Public\Documents\Experiments\DA\220206-BLlibs\220209-BLlibs.xpt
Protocol File Path:	C:\Users\Public\Documents\Protocols\OD600_RFP_gain35.prt



Plate Number	Plate 3
Date	2/9/2022
Time	9:10:35 PM
Reader Type:	Synergy HTX
Reader Serial Number:	15021819
Reading Type	Reader

Procedure Details

Plate Type	96 WELL PLATE
Well Selection	Runtime
Eject plate on completion	
Read	Absorbance Endpoint
	Full Plate
	Wavelengths:  600
	Read Speed: Normal,  Delay: 100 msec,  Measurements/Data Point: 8
Read	RFP
	Fluorescence Endpoint
	Full Plate
	Filter Set 1
	    Excitation: 540/35,  Emission: 600/40
	    Optics: Bottom,  Gain: 35
	Light Source: Tungsten,  Extended Dynamic Range
	Read Speed: Normal,  Delay: 100 msec,  Measurements/Data Point: 10



Actual Temperature:	24.6



Actual Temperature:	24.7

Results
	1	2	3	4	5	6	7	8	9	10	11	12
A	1.013	0.978	0.986	1.008	0.996	0.954	0.983	0.977	0.978	0.997	0.978	1.059	600
	30	35	31	466	113	30	579	31	70	1422	1633	10140	RFP:540/35,600/40
	29.627	35.791	31.447	462.164	113.499	31.463	589.073	31.727	71.604	1425.993	1669.734	9579.594	Ratio
B	1.008	0.983	0.982	0.995	0.979	0.959	0.990	0.966	0.937	0.979	1.034	0.957	600
	347	319	397	35	950	31	121	1445	567	1357	6010	2695	RFP:540/35,600/40
	344.212	324.484	404.318	35.190	970.477	32.325	122.235	1496.479	605.187	1385.825	5815.191	2815.798	Ratio
C	1.012	0.983	1.005	0.961	0.976	0.985	1.007	0.992	1.011	0.985	0.972	0.984	600
	173	173	179	309	289	47	2912	493	1856	381	1005	2454	RFP:540/35,600/40
	170.966	176.081	178.163	321.473	296.046	47.740	2892.045	497.026	1836.714	386.959	1034.057	2492.889	Ratio
D	0.987	0.947	1.007	0.917	0.981	0.988	0.955	0.975	1.017	1.046	1.059	1.043	600
	36	39	36	30	500	3224	573	331	49	3894	6489	8205	RFP:540/35,600/40
	36.485	41.165	35.736	32.701	509.944	3263.488	600.251	339.348	48.186	3722.753	6127.479	7864.469	Ratio
E	0.958	0.977	0.983	1.000	0.972	0.982	0.943	0.972	0.972	0.951	0.973	0.938	600
	2979	3166	3231	2134	259	2321	35	1913	179	528	198	645	RFP:540/35,600/40
	3109.603	3240.201	3287.211	2134.640	266.516	2363.784	37.100	1967.500	184.175	555.322	203.599	687.340	Ratio
F	0.977	0.948	0.940	1.017	0.994	0.975	0.962	0.917	0.795	1.016	1.031	0.994	600
	40	45	42	5936	4237	585	34	33	38	10999	9662	2317	RFP:540/35,600/40
	40.950	47.478	44.690	5839.071	4262.147	600.246	35.336	35.987	47.775	10828.985	9374.212	2332.159	Ratio
G	0.990	0.976	0.961	0.991	0.974	0.973	0.949	0.960	0.949	0.934	0.934	0.894	600
	118	118	118	2323	986	2490	99	147	331	38	32	93	RFP:540/35,600/40
	119.240	120.926	122.738	2345.043	1012.632	2558.307	104.276	153.061	348.641	40.677	34.276	104.038	Ratio
H	1.079	1.099	1.077	1.001	0.956	1.020	0.982	0.945	0.941	0.976	0.923	0.939	600
	15626	15981	15364	3351	72	5802	2201	213	34	2104	35	1760	RFP:540/35,600/40
	14484.613	14537.433	14269.527	3346.984	75.330	5690.467	2240.888	225.492	36.128	2156.401	37.920	1875.333	Ratio

