

Software Version	2.07.17



Experiment File Path:	C:\Users\Public\Documents\Experiments\DA\220206-BLlibs\220209-BLlibs.xpt
Protocol File Path:	C:\Users\Public\Documents\Protocols\OD600_RFP_gain35.prt



Plate Number	Plate 1
Date	2/9/2022
Time	8:47:10 PM
Reader Type:	Synergy HTX
Reader Serial Number:	Unknown
Reading Type	Reader

Procedure Details

Plate Type	96 WELL PLATE
Well Selection	Runtime
Eject plate on completion	
Read	Absorbance Endpoint
	Full Plate
	Wavelengths:  600
	Read Speed: Normal,  Delay: 100 msec,  Measurements/Data Point: 8
Read	RFP
	Fluorescence Endpoint
	Full Plate
	Filter Set 1
	    Excitation: 540/35,  Emission: 600/40
	    Optics: Bottom,  Gain: 35
	Light Source: Tungsten,  Extended Dynamic Range
	Read Speed: Normal,  Delay: 100 msec,  Measurements/Data Point: 10



Actual Temperature:	24.6



Actual Temperature:	24.6

Results
	1	2	3	4	5	6	7	8	9	10	11	12
A	0.963	0.966	0.984	0.937	0.966	0.980	0.948	0.962	0.987	1.024	0.956	1.007	600
	31	34	32	144	74	35	192	36	44	411	484	4217	RFP:540/35,600/40
	32.201	35.204	32.520	153.715	76.636	35.707	202.510	37.434	44.593	401.406	506.170	4186.023	Ratio
B	1.026	0.967	0.994	0.937	0.988	0.947	0.990	0.958	0.979	0.977	1.017	0.966	600
	361	315	412	35	350	39	73	609	252	516	2574	1040	RFP:540/35,600/40
	351.715	325.716	414.529	37.341	354.179	41.204	73.760	635.567	257.484	528.256	2530.227	1076.159	Ratio
C	0.983	0.981	0.980	1.001	0.954	1.015	1.000	0.978	0.984	0.977	0.963	0.974	600
	110	112	115	149	138	43	1130	216	643	143	354	1033	RFP:540/35,600/40
	111.902	114.134	117.347	148.851	144.684	42.369	1129.887	220.814	653.256	146.366	367.487	1060.902	Ratio
D	0.948	0.983	1.011	0.934	0.971	0.972	1.000	0.989	0.990	0.997	0.975	0.956	600
	37	40	39	36	210	1327	259	162	43	2269	2561	3792	RFP:540/35,600/40
	39.021	40.675	38.587	38.540	216.250	1364.665	259.104	163.736	43.439	2275.143	2627.206	3965.283	Ratio
E	0.971	0.995	0.978	0.995	0.977	0.995	0.951	0.987	1.008	1.002	1.000	0.993	600
	1445	1482	1467	1009	121	911	36	806	79	228	92	271	RFP:540/35,600/40
	1487.544	1490.046	1500.307	1013.663	123.836	915.486	37.875	816.864	78.412	227.454	92.009	272.938	Ratio
F	0.945	0.983	0.979	1.005	0.981	0.958	0.979	0.946	0.755	1.050	1.005	0.976	600
	41	41	40	2647	1748	212	38	36	39	6571	4841	816	RFP:540/35,600/40
	43.368	41.709	40.879	2633.307	1781.674	221.225	38.811	38.071	51.628	6259.884	4815.957	835.980	Ratio
G	1.002	1.036	1.002	0.997	0.994	1.004	0.972	0.977	1.012	0.971	0.980	0.957	600
	72	78	70	1039	403	1063	61	88	165	42	35	75	RFP:540/35,600/40
	71.828	75.275	69.895	1042.022	405.473	1058.554	62.744	90.035	162.979	43.277	35.722	78.378	Ratio
H	1.071	1.048	1.043	0.990	0.991	1.016	0.952	0.932	0.922	0.985	0.942	1.014	600
	13345	13107	12977	1418	62	2698	932	103	37	885	35	902	RFP:540/35,600/40
	12464.973	12504.293	12446.768	1432.179	62.550	2656.296	979.094	110.515	40.126	898.204	37.175	889.283	Ratio

