

Software Version	2.07.17



Experiment File Path:	C:\Users\Public\Documents\Experiments\DA\220206-BLlibs\220209-BLlibs.xpt
Protocol File Path:	C:\Users\Public\Documents\Protocols\OD600_RFP_gain35.prt



Plate Number	Plate 4
Date	2/9/2022
Time	9:13:55 PM
Reader Type:	Synergy HTX
Reader Serial Number:	15021819
Reading Type	Reader

Procedure Details

Plate Type	96 WELL PLATE
Well Selection	Runtime
Eject plate on completion	
Read	Absorbance Endpoint
	Full Plate
	Wavelengths:  600
	Read Speed: Normal,  Delay: 100 msec,  Measurements/Data Point: 8
Read	RFP
	Fluorescence Endpoint
	Full Plate
	Filter Set 1
	    Excitation: 540/35,  Emission: 600/40
	    Optics: Bottom,  Gain: 35
	Light Source: Tungsten,  Extended Dynamic Range
	Read Speed: Normal,  Delay: 100 msec,  Measurements/Data Point: 10



Actual Temperature:	24.7



Actual Temperature:	24.7

Results
	1	2	3	4	5	6	7	8	9	10	11	12
A	0.965	0.935	0.983	0.947	0.970	0.967	0.986	0.988	0.989	0.962	0.996	0.988	600
	421	29	631	70	29	206	1314	135	3911	34	62	2155	RFP:540/35,600/40
	436.179	31.009	641.717	73.949	29.900	213.118	1333.063	136.695	3952.901	35.343	62.280	2181.395	Ratio
B	0.960	0.950	0.975	0.965	0.961	0.959	0.973	0.976	0.963	0.958	0.982	0.999	600
	644	366	234	31	55	151	93	35	1590	34	33	914	RFP:540/35,600/40
	670.624	385.425	240.123	32.134	57.238	157.406	95.561	35.879	1650.919	35.479	33.601	915.098	Ratio
C	0.988	0.973	0.962	0.975	1.001	0.991	0.963	0.979	0.970	0.988	0.940	0.979	600
	36	89	32	1740	1407	659	585	92	197	368	31	93	RFP:540/35,600/40
	36.456	91.488	33.257	1783.884	1406.016	665.119	607.350	93.945	203.030	372.620	32.996	94.966	Ratio
D	0.969	0.971	1.006	1.003	0.974	0.978	1.016	1.013	0.974	0.985	0.991	0.940	600
	552	80	201	2010	60	372	430	160	142	387	426	1020	RFP:540/35,600/40
	569.424	82.406	199.781	2003.389	61.602	380.368	423.145	157.900	145.850	392.734	429.695	1084.760	Ratio
E	0.969	0.962	1.001	0.988	0.961	0.986	0.951	0.976	0.976	0.929	0.984	1.005	600
	241	176	1486	629	33	691	100	1746	35	32	152	61	RFP:540/35,600/40
	248.736	183.047	1484.812	636.769	34.354	700.882	105.108	1788.202	35.879	34.438	154.472	60.709	Ratio
F	0.965	0.977	0.901	0.977	0.874	0.953	0.971	0.938	0.996	0.968	0.959	0.920	600
	1722	41	35	417	50	31	32	32	3709	505	1190	102	RFP:540/35,600/40
	1784.456	41.974	38.859	426.904	57.182	32.532	32.959	34.112	3725.766	521.694	1241.005	110.809	Ratio
G	0.976	0.991	0.995	0.960	0.966	0.949	0.970	0.985	0.969	0.866	0.979	0.994	600
	123	406	199	99	400	36	34	1039	64	307	707	206	RFP:540/35,600/40
	125.999	409.646	199.940	103.168	414.079	37.923	35.055	1054.394	66.075	354.544	722.239	207.243	Ratio
H	0.936	0.965	0.980	0.942	0.948	0.980	0.948	0.961	1.000	0.989	0.946	0.962	600
	163	353	119	240	103	182	169	317	40	34	33	428	RFP:540/35,600/40
	174.238	365.803	121.478	254.831	108.615	185.790	178.345	329.727	39.980	34.396	34.891	445.045	Ratio

