

Software Version	2.07.17



Experiment File Path:	C:\Users\Public\Documents\Experiments\DA\220206-BLlibs\220209-BLlibs.xpt
Protocol File Path:	C:\Users\Public\Documents\Protocols\OD600_RFP_gain35.prt



Plate Number	Plate 2
Date	2/9/2022
Time	9:07:09 PM
Reader Type:	Synergy HTX
Reader Serial Number:	15021819
Reading Type	Reader

Procedure Details

Plate Type	96 WELL PLATE
Well Selection	Runtime
Eject plate on completion	
Read	Absorbance Endpoint
	Full Plate
	Wavelengths:  600
	Read Speed: Normal,  Delay: 100 msec,  Measurements/Data Point: 8
Read	RFP
	Fluorescence Endpoint
	Full Plate
	Filter Set 1
	    Excitation: 540/35,  Emission: 600/40
	    Optics: Bottom,  Gain: 35
	Light Source: Tungsten,  Extended Dynamic Range
	Read Speed: Normal,  Delay: 100 msec,  Measurements/Data Point: 10



Actual Temperature:	24.6



Actual Temperature:	24.6

Results
	1	2	3	4	5	6	7	8	9	10	11	12
A	1.006	0.947	0.986	0.947	0.945	1.001	0.954	0.995	1.030	0.945	1.001	0.933	600
	187	34	238	53	33	80	451	73	1610	36	42	749	RFP:540/35,600/40
	185.959	35.910	241.502	55.990	34.924	79.944	472.598	73.345	1562.652	38.115	41.971	802.529	Ratio
B	1.024	0.992	0.946	0.950	0.995	1.009	1.008	0.985	0.972	0.981	0.960	1.009	600
	296	182	108	34	44	80	56	39	586	35	36	309	RFP:540/35,600/40
	289.147	183.394	114.177	35.797	44.217	79.279	55.539	39.598	602.819	35.696	37.492	306.153	Ratio
C	0.966	0.943	0.981	0.977	0.985	0.974	0.962	0.972	0.961	1.004	0.956	1.006	600
	37	60	37	584	540	240	199	51	90	153	36	63	RFP:540/35,600/40
	38.298	63.600	37.736	597.809	548.279	246.482	206.861	52.469	93.672	152.330	37.677	62.637	Ratio
D	0.997	1.004	0.975	0.985	0.919	0.982	0.972	0.938	0.996	0.995	0.993	1.002	600
	230	72	93	750	39	157	149	79	85	156	170	808	RFP:540/35,600/40
	230.738	71.727	95.404	761.267	42.414	159.813	153.308	84.195	85.384	156.800	171.216	806.790	Ratio
E	0.947	0.978	0.986	0.970	0.924	0.961	0.955	0.992	0.920	0.919	1.001	0.912	600
	129	101	613	229	36	274	72	677	35	37	83	52	RFP:540/35,600/40
	136.234	103.325	621.452	235.985	38.974	285.268	75.424	682.735	38.027	40.239	82.934	57.011	Ratio
F	0.953	0.944	0.870	0.943	0.776	0.928	0.909	0.859	0.945	0.941	0.972	0.960	600
	1039	41	38	241	48	34	35	35	1363	197	463	73	RFP:540/35,600/40
	1090.241	43.414	43.693	255.486	61.856	36.626	38.495	40.731	1442.175	209.330	476.485	76.050	Ratio
G	0.952	0.942	1.008	0.990	0.999	0.963	0.975	0.985	0.967	0.859	0.965	1.018	600
	79	173	112	63	185	36	38	408	48	219	261	103	RFP:540/35,600/40
	83.018	183.749	111.166	63.617	185.111	37.391	38.978	414.339	49.628	254.948	270.578	101.159	Ratio
H	0.943	0.918	0.984	0.935	0.940	0.968	0.965	0.957	0.975	0.967	0.935	0.933	600
	82	145	78	123	62	95	82	130	36	37	34	156	RFP:540/35,600/40
	86.975	157.918	79.292	131.565	65.957	98.181	85.018	135.855	36.938	38.259	36.368	167.203	Ratio

