

Software Version	2.07.17



Experiment File Path:	C:\Users\Public\Documents\Experiments\DA\211025-soxbox1v2\211025-soxbox1v2.xpt
Protocol File Path:	C:\Users\Public\Documents\Protocols\OD600_GFP_RFP_35gain.prt



Plate Number	Plate 1
Date	10/25/2021
Time	2:19:36 PM
Reader Type:	Synergy HTX
Reader Serial Number:	Unknown
Reading Type	Reader

Procedure Details

Plate Type	96 WELL PLATE
Well Selection	Runtime
Eject plate on completion	
Read	Absorbance Endpoint
	Full Plate
	Wavelengths:  600
	Read Speed: Normal,  Delay: 100 msec,  Measurements/Data Point: 8
Read	GFP+RFP
	Fluorescence Endpoint
	Full Plate
	Filter Set 1
	    Excitation: 485/20,  Emission: 528/20
	    Optics: Bottom,  Gain: 35
	Filter Set 2
	    Excitation: 540/35,  Emission: 600/40
	    Optics: Bottom,  Gain: 35
	Light Source: Tungsten,  Extended Dynamic Range
	Read Speed: Normal,  Delay: 100 msec,  Measurements/Data Point: 10



Actual Temperature:	22.0



Actual Temperature:	22.0



Actual Temperature:	22.0

Results
	1	2	3	4	5	6	7	8	9	10	11	12
A	0.971	0.947	0.954	0.976	0.970	0.982	0.964	0.981	0.980	0.968	0.970	0.936	600
	294	289	291	298	297	302	282	287	289	303	295	291	GFP+RFP:485/20,528/20
	52	53	53	289	285	286	74	75	72	84	87	82	GFP+RFP:540/35,600/40
	53.536	55.948	55.544	295.985	293.754	291.331	76.771	76.492	73.499	86.822	89.728	87.607	Ratio
B	0.915	0.926	0.915	0.931	0.905	0.925	0.944	0.934	0.968	0.957	0.973	0.916	600
	271	272	267	280	277	279	296	284	297	288	287	280	GFP+RFP:485/20,528/20
	50	50	52	262	258	257	71	68	70	195	195	190	GFP+RFP:540/35,600/40
	54.639	53.967	56.824	281.267	285.177	277.778	75.204	72.844	72.314	203.826	200.452	207.514	Ratio
C	1.084	1.074	1.130	0.973	1.006	0.978	0.975	0.988	0.972	0.981	0.981	0.942	600
	265	268	278	308	311	305	297	304	304	293	295	275	GFP+RFP:485/20,528/20
	21001	21165	22162	307	316	305	166	164	162	250	254	231	GFP+RFP:540/35,600/40
	19380.768	19704.869	19614.125	315.649	314.115	311.797	170.256	166.042	166.684	254.894	258.972	245.249	Ratio
D	1.120	1.144	1.147	1.042	0.994	0.987	0.970	1.015	0.969	0.971	0.969	0.928	600
	269	276	273	326	298	300	298	316	300	278	283	271	GFP+RFP:485/20,528/20
	25552	26514	26484	73	72	69	85	86	84	189	185	172	GFP+RFP:540/35,600/40
	22808.176	23170.497	23099.869	70.058	72.471	69.930	87.593	84.712	86.696	194.585	190.859	185.285	Ratio
E	0.988	0.982	0.977	0.987	0.988	0.978	0.963	0.970	0.979	0.983	0.952	0.986	600
	290	298	297	301	303	302	281	281	289	307	296	304	GFP+RFP:485/20,528/20
	276	298	303	74	76	75	127	129	131	255	242	261	GFP+RFP:540/35,600/40
	279.352	303.462	310.197	74.982	76.939	76.687	131.907	132.935	133.783	259.304	254.282	264.652	Ratio
F	0.046	0.047	0.045	0.046	0.049	0.048	0.051	0.047	0.047	0.046	0.048	0.044	600
	26	28	29	27	26	26	26	26	26	26	24	25	GFP+RFP:485/20,528/20
	65	67	69	68	69	66	67	68	66	65	65	66	GFP+RFP:540/35,600/40
	1425.439	1434.690	1519.824	1465.517	1416.838	1375.000	1306.043	1437.632	1392.405	1403.888	1342.975	1506.849	Ratio
G	0.045	0.044	0.045	0.045	0.045	0.048	0.048	0.046	0.046	0.044	0.048	0.047	600
	25	26	25	28	27	24	26	28	27	25	24	25	GFP+RFP:485/20,528/20
	65	66	67	71	68	68	67	69	68	66	68	64	GFP+RFP:540/35,600/40
	1444.444	1500.000	1502.242	1584.821	1504.425	1407.867	1410.526	1496.746	1491.228	1510.297	1422.594	1353.066	Ratio
H	0.044	0.047	0.044	0.044	0.045	0.045	0.045	0.047	0.047	0.044	0.047	0.045	600
	27	25	27	28	25	27	28	26	27	25	23	24	GFP+RFP:485/20,528/20
	67	66	68	69	66	68	71	67	69	66	65	64	GFP+RFP:540/35,600/40
	1509.009	1395.349	1531.532	1578.947	1469.933	1517.857	1588.367	1431.624	1483.871	1493.213	1380.042	1415.929	Ratio

