

Software Version	2.07.17



Experiment File Path:	C:\Users\Public\Documents\Experiments\DA\211025-soxbox1v2\211025-soxbox1v2.xpt
Protocol File Path:	C:\Users\Public\Documents\Protocols\OD600_GFP_RFP_35gain.prt



Plate Number	Plate 2
Date	10/25/2021
Time	2:25:38 PM
Reader Type:	Synergy HTX
Reader Serial Number:	15021819
Reading Type	Reader

Procedure Details

Plate Type	96 WELL PLATE
Well Selection	Runtime
Eject plate on completion	
Read	Absorbance Endpoint
	Full Plate
	Wavelengths:  600
	Read Speed: Normal,  Delay: 100 msec,  Measurements/Data Point: 8
Read	GFP+RFP
	Fluorescence Endpoint
	Full Plate
	Filter Set 1
	    Excitation: 485/20,  Emission: 528/20
	    Optics: Bottom,  Gain: 35
	Filter Set 2
	    Excitation: 540/35,  Emission: 600/40
	    Optics: Bottom,  Gain: 35
	Light Source: Tungsten,  Extended Dynamic Range
	Read Speed: Normal,  Delay: 100 msec,  Measurements/Data Point: 10



Actual Temperature:	22.1



Actual Temperature:	22.1



Actual Temperature:	22.1

Results
	1	2	3	4	5	6	7	8	9	10	11	12
A	0.962	0.983	0.993	1.007	0.988	1.013	1.008	0.980	0.996	1.002	1.006	0.970	600
	365	377	380	364	355	367	513	498	510	498	497	476	GFP+RFP:485/20,528/20
	51	53	54	1797	1750	1816	584	548	555	730	748	702	GFP+RFP:540/35,600/40
	52.998	53.917	54.386	1784.508	1771.255	1793.403	579.423	559.469	557.397	728.252	743.909	724.010	Ratio
B	0.959	0.957	0.996	1.046	1.063	1.031	0.980	0.982	1.029	1.053	1.060	1.016	600
	367	366	393	490	504	486	488	477	519	399	401	382	GFP+RFP:485/20,528/20
	52	54	55	12400	12350	12160	79	77	94	9801	9917	9299	GFP+RFP:540/35,600/40
	54.201	56.420	55.232	11856.952	11613.692	11797.807	80.629	78.435	91.333	9305.041	9360.076	9156.164	Ratio
C	1.119	1.155	1.127	1.016	1.026	1.011	1.042	1.066	1.041	0.987	0.985	0.953	600
	378	397	392	483	486	489	404	420	410	404	377	373	GFP+RFP:485/20,528/20
	23083	24561	24046	7434	7413	7561	11077	11313	10810	287	283	264	GFP+RFP:540/35,600/40
	20631.927	21268.618	21332.505	7314.050	7227.964	7480.954	10630.518	10609.585	10384.246	290.751	287.339	277.049	Ratio
D	1.182	1.160	1.195	1.022	1.011	0.976	0.989	1.002	0.997	1.041	1.030	1.016	600
	379	378	390	407	393	388	378	379	375	482	512	498	GFP+RFP:485/20,528/20
	27417	27155	28197	560	480	530	268	267	270	8797	9497	9194	GFP+RFP:540/35,600/40
	23193.469	23405.447	23603.717	547.999	474.871	543.033	271.118	266.440	270.948	8449.717	9218.598	9048.322	Ratio
E	1.010	1.023	1.028	0.971	0.972	0.972	1.017	1.064	1.030	0.964	0.949	0.949	600
	472	385	387	369	370	377	499	521	507	479	486	438	GFP+RFP:485/20,528/20
	11545	12233	12479	78	78	79	9872	11467	10766	270	259	258	GFP+RFP:540/35,600/40
	11431.825	11957.967	12137.924	80.296	80.272	81.301	9708.891	10776.243	10451.412	280.054	272.861	272.008	Ratio
F	0.043	0.043	0.043	0.043	0.043	0.043	0.043	0.044	0.043	0.043	0.044	0.044	600
	26	25	28	28	28	25	25	23	26	27	26	24	GFP+RFP:485/20,528/20
	67	67	70	69	70	70	68	66	68	66	66	66	GFP+RFP:540/35,600/40
	1561.772	1569.087	1635.514	1604.651	1609.195	1612.903	1574.074	1510.297	1577.726	1531.323	1500.000	1506.849	Ratio
G	0.044	0.043	0.043	0.043	0.044	0.043	0.043	0.043	0.043	0.044	0.043	0.044	600
	26	27	28	28	27	27	25	26	25	26	27	28	GFP+RFP:485/20,528/20
	65	67	70	72	71	69	65	67	67	68	66	69	GFP+RFP:540/35,600/40
	1487.414	1558.140	1620.370	1670.534	1621.005	1593.533	1501.155	1569.087	1550.926	1534.989	1524.249	1571.754	Ratio
H	0.057	0.043	0.043	0.044	0.044	0.044	0.044	0.043	0.044	0.043	0.044	0.044	600
	25	25	28	26	25	25	26	24	26	26	22	26	GFP+RFP:485/20,528/20
	63	64	72	69	67	69	64	67	66	66	66	65	GFP+RFP:540/35,600/40
	1105.263	1491.841	1674.419	1578.947	1536.697	1578.947	1464.531	1554.524	1503.417	1531.323	1493.213	1477.273	Ratio

