

Software Version	2.07.17



Experiment File Path:	C:\Users\Public\Documents\Experiments\DA\210903-spacers_E-ecoli.xpt
Protocol File Path:	C:\Users\Public\Documents\Protocols\OD600_GFP_RFP_35gain.prt



Plate Number	Plate 2
Date	9/3/2021
Time	3:09:59 PM
Reader Type:	Synergy HTX
Reader Serial Number:	15021819
Reading Type	Reader

Procedure Details

Plate Type	96 WELL PLATE
Well Selection	Runtime
Eject plate on completion	
Read	Absorbance Endpoint
	Full Plate
	Wavelengths:  600
	Read Speed: Normal,  Delay: 100 msec,  Measurements/Data Point: 8
Read	GFP+RFP
	Fluorescence Endpoint
	Full Plate
	Filter Set 1
	    Excitation: 485/20,  Emission: 528/20
	    Optics: Bottom,  Gain: 35
	Filter Set 2
	    Excitation: 540/35,  Emission: 600/40
	    Optics: Bottom,  Gain: 35
	Light Source: Tungsten,  Extended Dynamic Range
	Read Speed: Normal,  Delay: 100 msec,  Measurements/Data Point: 10



Actual Temperature:	25.5



Actual Temperature:	25.5



Actual Temperature:	25.5

Results
	1	2	3	4	5	6	7	8	9	10	11	12
A	0.970	0.931	0.958	0.924	0.981	0.991	0.973	0.927	0.967	0.953	0.970	0.951	600
	228	213	227	263	239	244	237	229	239	229	239	235	GFP+RFP:485/20,528/20
	62	219	228	58	63	62	61	49	91	355	63	60	GFP+RFP:540/35,600/40
	63.944	235.256	238.120	62.737	64.240	62.576	62.725	52.830	94.135	372.625	64.948	63.111	Ratio
B	0.957	0.951	0.959	0.976	0.973	0.962	0.953	0.973	0.956	0.973	0.951	0.913	600
	234	228	231	236	238	236	231	241	230	240	235	231	GFP+RFP:485/20,528/20
	61	302	262	272	236	275	263	65	218	63	64	268	GFP+RFP:540/35,600/40
	63.714	317.694	273.315	278.746	242.474	285.803	276.058	66.797	227.986	64.768	67.305	293.409	Ratio
C	0.952	0.954	0.958	0.979	0.972	0.967	0.943	0.985	0.977	0.986	0.967	0.981	600
	230	235	236	245	243	241	232	251	247	251	246	248	GFP+RFP:485/20,528/20
	1226	231	292	62	1011	67	51	64	64	64	63	61	GFP+RFP:540/35,600/40
	1287.274	242.088	304.897	63.362	1040.659	69.301	54.060	64.975	65.527	64.882	65.177	62.156	Ratio
D	0.977	0.951	0.949	0.978	0.943	0.955	0.988	0.970	0.956	0.980	0.958	0.953	600
	242	231	234	245	232	236	250	245	247	246	240	241	GFP+RFP:485/20,528/20
	64	212	227	255	913	214	63	63	274	57	61	80	GFP+RFP:540/35,600/40
	65.533	222.900	239.300	260.710	968.700	224.178	63.791	64.942	286.521	58.193	63.654	83.910	Ratio
E	0.972	0.979	0.957	1.002	0.960	0.963	0.965	0.967	0.980	0.958	0.955	0.944	600
	238	244	239	254	236	239	246	241	250	238	237	233	GFP+RFP:485/20,528/20
	63	65	63	158	268	251	146	204	137	466	454	214	GFP+RFP:540/35,600/40
	64.808	66.421	65.865	157.685	279.079	260.644	151.264	211.049	139.853	486.329	475.642	226.599	Ratio
F	0.964	0.975	0.978	0.992	0.982	0.978	0.959	0.992	0.963	0.947	0.942	0.937	600
	238	243	244	248	245	246	235	249	240	231	233	225	GFP+RFP:485/20,528/20
	60	64	86	62	286	150	240	64	62	276	232	199	GFP+RFP:540/35,600/40
	62.215	65.661	87.899	62.513	291.213	153.374	250.287	64.549	64.362	291.477	246.415	212.425	Ratio
G	0.986	0.953	0.975	0.997	0.978	0.974	0.957	0.972	0.954	0.977	0.972	0.996	600
	248	235	242	251	246	246	240	247	238	249	245	248	GFP+RFP:485/20,528/20
	61	68	66	64	72	63	60	61	234	60	60	65	GFP+RFP:540/35,600/40
	61.866	71.354	67.713	64.180	73.627	64.702	62.683	62.744	245.180	61.419	61.722	65.254	Ratio
H	0.975	0.922	0.965	0.965	0.970	0.974	0.964	0.984	0.989	0.948	0.938	0.971	600
	251	226	245	239	245	247	245	252	251	235	231	246	GFP+RFP:485/20,528/20
	60	295	51	722	68	62	62	62	133	311	219	71	GFP+RFP:540/35,600/40
	61.545	319.783	52.850	748.187	70.089	63.655	64.349	63.021	134.506	328.059	233.550	73.120	Ratio

