

Software Version	2.07.17



Experiment File Path:	C:\Users\Public\Documents\Experiments\DA\211012-spacers-E-ecoli-v2.xpt
Protocol File Path:	C:\Users\Public\Documents\Protocols\OD600_GFP_RFP_35gain.prt



Plate Number	Plate 2
Date	10/12/2021
Time	1:03:55 PM
Reader Type:	Synergy HTX
Reader Serial Number:	15021819
Reading Type	Reader

Procedure Details

Plate Type	96 WELL PLATE
Well Selection	Runtime
Eject plate on completion	
Read	Absorbance Endpoint
	Full Plate
	Wavelengths:  600
	Read Speed: Normal,  Delay: 100 msec,  Measurements/Data Point: 8
Read	GFP+RFP
	Fluorescence Endpoint
	Full Plate
	Filter Set 1
	    Excitation: 485/20,  Emission: 528/20
	    Optics: Bottom,  Gain: 35
	Filter Set 2
	    Excitation: 540/35,  Emission: 600/40
	    Optics: Bottom,  Gain: 35
	Light Source: Tungsten,  Extended Dynamic Range
	Read Speed: Normal,  Delay: 100 msec,  Measurements/Data Point: 10



Actual Temperature:	24.4



Actual Temperature:	24.4



Actual Temperature:	24.4

Results
	1	2	3	4	5	6	7	8	9	10	11	12
A	0.972	0.980	0.965	1.009	0.985	0.989	0.955	0.957	0.994	0.967	0.918	0.938	600
	346	341	320	358	376	350	354	344	365	336	333	351	GFP+RFP:485/20,528/20
	3657	5332	6073	4162	3416	5353	3119	3499	6561	4883	1165	2727	GFP+RFP:540/35,600/40
	3763.507	5443.594	6291.308	4123.242	3468.372	5415.276	3265.627	3657.746	6602.596	5049.638	1269.340	2908.800	Ratio
B	0.988	1.001	0.999	1.006	0.999	1.008	0.958	0.961	0.995	0.946	0.935	0.909	600
	366	374	347	381	382	368	367	344	369	337	331	340	GFP+RFP:485/20,528/20
	3797	5804	7541	4517	3608	6009	2601	3118	6376	4516	1209	2334	GFP+RFP:540/35,600/40
	3843.896	5800.520	7549.304	4489.613	3610.527	5959.536	2714.181	3246.226	6411.262	4771.767	1292.772	2568.787	Ratio
C	0.991	0.996	1.017	1.000	0.994	1.023	0.945	0.948	0.963	0.981	0.930	0.915	600
	373	351	356	375	384	380	366	348	357	353	329	354	GFP+RFP:485/20,528/20
	4278	4683	6997	5081	3467	5585	2834	3125	6340	4331	1236	2624	GFP+RFP:540/35,600/40
	4316.852	4703.224	6878.687	5082.525	3486.875	5462.103	2999.577	3297.805	6583.593	4417.134	1328.318	2866.820	Ratio
D	1.021	0.979	1.171	0.975	1.046	1.011	0.988	0.924	0.931	0.937	0.926	0.071	600
	376	375	389	366	367	359	347	319	313	301	313	13	GFP+RFP:485/20,528/20
	8043	49	23094	552	11020	9461	7996	72	1603	244	232	40	GFP+RFP:540/35,600/40
	7876.028	50.072	19721.605	566.328	10535.373	9358.987	8093.937	77.880	1721.250	260.545	250.405	566.572	Ratio
E	1.017	0.948	1.145	0.966	1.054	1.009	1.030	0.951	0.965	0.956	0.963	0.056	600
	368	367	378	363	376	362	373	326	326	322	327	16	GFP+RFP:485/20,528/20
	8391	53	23035	552	11513	9598	9322	73	1674	255	235	44	GFP+RFP:540/35,600/40
	8248.304	55.913	20116.147	571.369	10925.223	9511.446	9054.002	76.769	1734.535	266.820	243.978	789.946	Ratio
F	1.022	1.000	1.173	1.013	1.041	1.075	1.069	1.000	0.997	0.987	0.987	0.049	600
	371	382	387	387	369	382	381	339	341	333	338	18	GFP+RFP:485/20,528/20
	8057	51	23555	552	11633	10511	10032	74	1809	265	249	42	GFP+RFP:540/35,600/40
	7885.876	50.990	20084.413	544.701	11172.685	9781.314	9380.084	73.963	1814.625	268.599	252.229	855.397	Ratio
G	0.046	0.043	0.044	0.043	0.044	0.044	0.044	0.043	0.043	0.044	0.043	0.047	600
	23	27	25	24	25	25	27	26	26	26	27	26	GFP+RFP:485/20,528/20
	63	68	69	70	72	68	68	67	68	67	65	66	GFP+RFP:540/35,600/40
	1363.636	1574.074	1582.569	1612.903	1621.622	1538.462	1556.064	1547.344	1566.820	1533.181	1497.696	1404.255	Ratio
H	0.043	0.043	0.048	0.044	0.044	0.044	0.046	0.047	0.044	0.044	0.044	0.045	600
	27	24	26	26	27	23	26	25	23	24	24	23	GFP+RFP:485/20,528/20
	64	66	67	70	67	69	65	66	68	66	64	62	GFP+RFP:540/35,600/40
	1474.654	1527.778	1407.563	1601.831	1526.196	1582.569	1413.043	1407.249	1545.455	1503.417	1444.695	1387.025	Ratio

