

Software Version	2.07.17



Experiment File Path:	C:\Users\Public\Documents\Experiments\DA\211113-pAP8-ontarget\211113-pAP8-ontarget.xpt
Protocol File Path:	C:\Users\Public\Documents\Protocols\OD600_RFP_gain35.prt



Plate Number	Plate 1
Date	11/13/2021
Time	2:59:37 PM
Reader Type:	Synergy HTX
Reader Serial Number:	Unknown
Reading Type	Reader

Procedure Details

Plate Type	96 WELL PLATE
Well Selection	Runtime
Eject plate on completion	
Read	Absorbance Endpoint
	Full Plate
	Wavelengths:  600
	Read Speed: Normal,  Delay: 100 msec,  Measurements/Data Point: 8
Read	RFP
	Fluorescence Endpoint
	Full Plate
	Filter Set 1
	    Excitation: 540/35,  Emission: 600/40
	    Optics: Bottom,  Gain: 35
	Light Source: Tungsten,  Extended Dynamic Range
	Read Speed: Normal,  Delay: 100 msec,  Measurements/Data Point: 10



Actual Temperature:	24.0



Actual Temperature:	24.1

Results
	1	2	3	4	5	6	7	8	9	10	11	12
A	0.901	0.905	0.918	0.909	0.955	0.960	0.931	0.977	0.946	0.922	0.926	0.977	600
	1416	105	58	178	177	2181	486	101	46	541	77	1100	RFP:540/35,600/40
	1571.238	116.009	63.201	195.820	185.282	2271.402	522.019	103.367	48.626	586.577	83.153	1125.780	Ratio
B	0.916	0.935	0.925	0.948	0.955	0.942	0.929	0.970	0.945	0.940	0.963	0.901	600
	83	95	368	1919	46	806	95	49	71	46	336	91	RFP:540/35,600/40
	90.631	101.593	397.924	2024.048	48.188	855.990	102.294	50.505	75.140	48.921	348.982	101.010	Ratio
C	0.944	0.935	0.972	0.927	0.917	0.946	0.982	0.950	0.950	0.924	0.930	0.922	600
	46	74	63	62	52	200	137	708	104	100	77	50	RFP:540/35,600/40
	48.718	79.119	64.788	66.868	56.713	211.484	139.568	744.949	109.497	108.178	82.760	54.201	Ratio
D	0.935	0.933	0.945	0.912	0.926	0.926	0.986	0.992	0.961	0.966	0.936	0.901	600
	103	69	129	55	194	68	8477	636	67	60	1470	71	RFP:540/35,600/40
	110.219	73.955	136.551	60.327	209.571	73.426	8599.980	640.935	69.719	62.138	1570.848	78.828	Ratio
E	0.876	0.924	0.918	0.928	0.929	0.936	0.923	0.969	0.955	0.933	0.924	0.895	600
	419	90	66	88	305	101	48	1701	910	233	69	1537	RFP:540/35,600/40
	478.420	97.392	71.880	94.777	328.169	107.918	51.987	1756.324	952.780	249.705	74.659	1717.702	Ratio
F	0.962	0.972	0.930	0.932	0.943	0.944	0.988	0.956	0.984	0.982	0.904	0.963	600
	1609	72	117	229	77	366	56	1602	50	373	113	62	RFP:540/35,600/40
	1673.079	74.059	125.806	245.787	81.672	387.630	56.657	1675.908	50.813	379.798	124.972	64.409	Ratio
G	0.751	0.741	0.768	0.719	0.720	0.717	0.741	0.711	0.758	0.753	0.739	0.722	600
	59	43	964	71	74	47	456	56	206	57	56	78	RFP:540/35,600/40
	78.604	58.069	1255.372	98.707	102.835	65.569	615.551	78.807	271.624	75.707	75.737	108.033	Ratio
H	0.747	0.750	0.749	0.754	0.781	0.763	0.727	0.770	0.753	0.791	0.776	0.774	600
	1120	441	44	60	1995	54	43	1217	59	119	113	122	RFP:540/35,600/40
	1499.933	588.392	58.761	79.597	2554.090	70.727	59.131	1580.314	78.312	150.442	145.581	157.602	Ratio

