

Software Version	2.07.17



Experiment File Path:	C:\Users\Public\Documents\Experiments\DA\211113-pAP8-ontarget\211113-pAP8-ontarget.xpt
Protocol File Path:	C:\Users\Public\Documents\Protocols\OD600_RFP_gain35.prt



Plate Number	Plate 2
Date	11/13/2021
Time	3:06:47 PM
Reader Type:	Synergy HTX
Reader Serial Number:	15021819
Reading Type	Reader

Procedure Details

Plate Type	96 WELL PLATE
Well Selection	Runtime
Eject plate on completion	
Read	Absorbance Endpoint
	Full Plate
	Wavelengths:  600
	Read Speed: Normal,  Delay: 100 msec,  Measurements/Data Point: 8
Read	RFP
	Fluorescence Endpoint
	Full Plate
	Filter Set 1
	    Excitation: 540/35,  Emission: 600/40
	    Optics: Bottom,  Gain: 35
	Light Source: Tungsten,  Extended Dynamic Range
	Read Speed: Normal,  Delay: 100 msec,  Measurements/Data Point: 10



Actual Temperature:	24.1



Actual Temperature:	24.1

Results
	1	2	3	4	5	6	7	8	9	10	11	12
A	0.963	0.997	0.943	1.023	1.045	1.051	1.091	1.047	0.995	1.087	1.019	1.021	600
	2098	12378	5178	14175	13720	15368	16019	12096	1033	14585	11098	10480	RFP:540/35,600/40
	2177.930	12418.983	5491.569	13861.725	13131.700	14623.656	14686.898	11549.699	1037.982	13413.961	10895.347	10263.441	Ratio
B	0.983	1.031	1.017	1.099	0.952	1.063	0.991	0.935	1.022	0.949	1.075	0.966	600
	10606	11626	12486	17039	2642	16078	11583	4486	11335	117	15129	11164	RFP:540/35,600/40
	10787.225	11279.713	12277.286	15505.506	2776.377	15129.387	11694.094	4796.322	11095.341	123.327	14072.179	11554.544	Ratio
C	0.956	1.034	1.008	1.028	0.971	1.070	1.060	1.119	1.061	1.037	1.008	1.002	600
	2405	11575	6856	8491	5083	13931	11668	16843	10672	10271	5729	5940	RFP:540/35,600/40
	2515.954	11195.473	6802.262	8258.924	5234.270	13017.193	11008.586	15049.142	10061.280	9901.668	5684.096	5927.552	Ratio
D	0.980	0.979	1.014	0.965	1.060	1.047	1.098	1.115	1.042	1.044	1.122	1.013	600
	11454	9846	13083	5699	13357	10197	17977	15051	8247	7258	18481	9313	RFP:540/35,600/40
	11685.370	10057.201	12907.459	5905.088	12596.190	9742.977	16371.004	13497.444	7914.587	6952.107	16475.885	9189.856	Ratio
E	1.031	1.020	1.038	1.024	1.079	1.023	0.982	1.101	1.101	1.098	1.016	1.084	600
	15117	11460	9833	11694	14846	11866	1862	17006	16785	15195	8440	17713	RFP:540/35,600/40
	14663.886	11234.193	9471.200	11417.692	13756.486	11601.486	1895.551	15438.947	15243.847	13835.018	8304.634	16334.378	Ratio
F	1.056	0.988	1.030	1.018	0.980	1.037	0.938	1.067	0.952	1.090	1.020	0.953	600
	16563	8252	12814	13406	10611	14814	4686	16433	4538	15340	12785	7380	RFP:540/35,600/40
	15687.630	8349.691	12445.610	13171.546	10829.761	14282.684	4996.801	15408.345	4764.805	14075.977	12540.461	7740.717	Ratio
G	0.977	0.912	1.091	1.062	1.059	0.977	1.083	1.053	1.072	1.008	0.999	0.950	600
	8098	47	16921	11800	12576	125	15375	9883	13302	5994	5973	10294	RFP:540/35,600/40
	8288.639	51.541	15509.624	11111.111	11879.841	127.995	14194.055	9386.456	12412.056	5947.609	5978.381	10840.354	Ratio
H	1.057	1.043	0.894	0.991	1.095	1.017	0.925	1.092	1.005	1.014	1.015	0.978	600
	16700	14912	908	8426	17523	8427	47	15791	8110	6376	6473	6654	RFP:540/35,600/40
	15793.456	14304.077	1016.115	8505.956	15999.817	8289.396	50.794	14460.623	8071.258	6288.589	6380.483	6805.769	Ratio

