

Software Version	2.07.17



Experiment File Path:	C:\Users\Public\Documents\Experiments\DA\211113-pAP8-ontarget\211113-pAP8-ontarget.xpt
Protocol File Path:	C:\Users\Public\Documents\Protocols\OD600_RFP_gain35.prt



Plate Number	Plate 11
Date	11/13/2021
Time	3:33:17 PM
Reader Type:	Synergy HTX
Reader Serial Number:	15021819
Reading Type	Reader

Procedure Details

Plate Type	96 WELL PLATE
Well Selection	Runtime
Eject plate on completion	
Read	Absorbance Endpoint
	Full Plate
	Wavelengths:  600
	Read Speed: Normal,  Delay: 100 msec,  Measurements/Data Point: 8
Read	RFP
	Fluorescence Endpoint
	Full Plate
	Filter Set 1
	    Excitation: 540/35,  Emission: 600/40
	    Optics: Bottom,  Gain: 35
	Light Source: Tungsten,  Extended Dynamic Range
	Read Speed: Normal,  Delay: 100 msec,  Measurements/Data Point: 10



Actual Temperature:	24.5



Actual Temperature:	24.5

Results
	1	2	3	4	5	6	7	8	9	10	11	12
A	0.873	0.884	0.899	0.890	0.942	0.944	0.916	0.964	0.931	0.907	0.911	0.956	600
	1429	106	56	183	178	2217	492	103	45	548	78	1105	RFP:540/35,600/40
	1636.509	119.896	62.285	205.710	189.060	2347.771	537.001	106.846	48.351	604.123	85.592	1155.374	Ratio
B	0.891	0.922	0.921	0.948	0.956	0.932	0.923	0.968	0.940	0.931	0.949	0.889	600
	85	95	377	1977	48	825	97	51	70	45	341	91	RFP:540/35,600/40
	95.388	103.070	409.382	2084.563	50.204	884.813	105.092	52.713	74.484	48.309	359.212	102.328	Ratio
C	0.921	0.927	0.973	0.926	0.921	0.948	0.977	0.949	0.946	0.920	0.924	0.915	600
	47	77	64	63	52	206	139	729	105	101	78	49	RFP:540/35,600/40
	51.015	83.037	65.789	68.042	56.485	217.300	142.229	768.258	110.982	109.771	84.388	53.575	Ratio
D	0.925	0.938	0.941	0.920	0.931	0.930	0.991	0.995	0.965	0.966	0.928	0.902	600
	103	69	132	55	200	69	8988	653	68	60	1505	72	RFP:540/35,600/40
	111.363	73.600	140.276	59.750	214.846	74.210	9073.289	656.545	70.496	62.099	1622.467	79.805	Ratio
E	0.860	0.929	0.918	0.936	0.934	0.942	0.925	0.975	0.956	0.927	0.922	0.895	600
	425	94	65	88	315	103	48	1750	935	238	70	1557	RFP:540/35,600/40
	494.071	101.206	70.806	94.057	337.367	109.353	51.914	1794.136	978.545	256.631	75.955	1740.443	Ratio
F	0.955	0.966	0.926	0.932	0.941	0.940	0.986	0.952	0.983	0.975	0.895	0.961	600
	1633	68	120	231	76	372	58	1639	51	380	113	62	RFP:540/35,600/40
	1709.769	70.386	129.618	247.881	80.765	395.745	58.841	1721.277	51.908	389.744	126.215	64.503	Ratio
G	0.951	0.946	0.967	0.942	0.933	0.938	0.966	0.936	0.952	0.941	0.907	0.912	600
	66	44	1258	83	87	49	608	62	257	62	60	90	RFP:540/35,600/40
	69.415	46.507	1301.200	88.120	93.288	52.228	629.465	66.211	270.071	65.922	66.130	98.706	Ratio
H	0.952	0.950	0.972	0.956	0.993	0.983	0.951	1.011	0.977	0.992	0.984	0.998	600
	1484	576	47	66	2633	59	46	1640	67	145	141	148	RFP:540/35,600/40
	1558.169	606.188	48.374	69.074	2652.362	60.014	48.390	1622.317	68.563	146.214	143.336	148.237	Ratio

