

Software Version	2.07.17



Experiment File Path:	C:\Users\Public\Documents\Experiments\DA\211113-pAP8-ontarget\211113-pAP8-ontarget.xpt
Protocol File Path:	C:\Users\Public\Documents\Protocols\OD600_RFP_gain35.prt



Plate Number	Plate 4
Date	11/13/2021
Time	3:11:17 PM
Reader Type:	Synergy HTX
Reader Serial Number:	15021819
Reading Type	Reader

Procedure Details

Plate Type	96 WELL PLATE
Well Selection	Runtime
Eject plate on completion	
Read	Absorbance Endpoint
	Full Plate
	Wavelengths:  600
	Read Speed: Normal,  Delay: 100 msec,  Measurements/Data Point: 8
Read	RFP
	Fluorescence Endpoint
	Full Plate
	Filter Set 1
	    Excitation: 540/35,  Emission: 600/40
	    Optics: Bottom,  Gain: 35
	Light Source: Tungsten,  Extended Dynamic Range
	Read Speed: Normal,  Delay: 100 msec,  Measurements/Data Point: 10



Actual Temperature:	24.2



Actual Temperature:	24.2

Results
	1	2	3	4	5	6	7	8	9	10	11	12
A	0.835	0.927	0.934	0.967	0.919	0.898	0.889	0.907	0.861	0.939	0.963	0.935	600
	1424	7390	11039	13200	7984	4867	7903	9069	2292	9141	12122	10685	RFP:540/35,600/40
	1705.798	7971.093	11817.793	13646.232	8687.704	5417.409	8890.764	9997.795	2662.021	9734.824	12582.520	11429.030	Ratio
B	0.937	0.861	0.915	0.940	0.868	0.945	0.924	0.964	0.971	0.987	0.921	0.871	600
	7390	253	8405	12310	4449	10670	7319	13866	10522	15881	10294	3508	RFP:540/35,600/40
	7888.557	293.742	9180.776	13092.959	5127.348	11292.200	7918.425	14377.852	10831.789	16096.696	11174.555	4029.868	Ratio
C	0.832	0.877	0.944	0.921	0.985	0.885	0.929	0.997	0.982	0.973	0.933	0.898	600
	1884	2272	9739	7979	13342	6657	10565	16100	12968	9811	9696	7999	RFP:540/35,600/40
	2265.785	2590.355	10318.924	8661.528	13543.803	7518.636	11367.549	16141.969	13208.393	10086.358	10392.283	8906.581	Ratio
D	0.939	0.944	0.868	0.915	0.886	0.961	0.935	0.993	0.911	0.976	0.954	0.936	600
	11175	9586	2888	8839	3235	10594	9276	14649	2060	11160	9337	8803	RFP:540/35,600/40
	11899.691	10153.585	3326.806	9656.943	3651.654	11027.376	9925.102	14749.295	2260.259	11435.598	9783.110	9402.905	Ratio
E	0.876	0.943	0.953	0.939	1.038	0.978	0.999	1.021	0.928	0.967	0.957	0.982	600
	773	6152	5255	7594	14098	9267	12379	13345	1241	7446	6809	8981	RFP:540/35,600/40
	882.319	6527.321	5514.166	8090.773	13587.124	9475.460	12395.114	13069.239	1337.717	7703.290	7117.174	9142.828	Ratio
F	1.026	0.998	0.953	0.980	0.984	0.934	1.000	1.019	1.071	1.100	1.031	1.039	600
	15470	12714	9669	8092	8954	3771	8931	12241	16812	18199	12232	14250	RFP:540/35,600/40
	15077.973	12734.375	10149.050	8258.828	9103.294	4037.906	8926.537	12018.655	15698.945	16543.042	11859.608	13711.152	Ratio
G	0.946	0.888	0.954	0.974	0.968	0.961	0.937	0.964	0.992	0.936	1.009	0.939	600
	12770	1224	7676	7886	9494	4779	1447	7707	9054	4760	13890	6809	RFP:540/35,600/40
	13501.797	1378.378	8049.497	8095.678	9805.825	4970.876	1545.115	7998.962	9128.857	5087.644	13772.930	7249.787	Ratio
H	0.893	0.959	0.941	0.938	0.915	0.911	0.956	0.903	0.935	0.927	0.881	0.885	600
	7094	11830	10879	8682	6188	1258	8259	4317	8098	45	46	43	RFP:540/35,600/40
	7941.341	12339.627	11564.792	9259.812	6765.799	1380.143	8641.833	4780.202	8657.259	48.533	52.202	48.599	Ratio

