

Software Version	2.07.17



Experiment File Path:	C:\Users\Public\Documents\Experiments\DA\211113-pAP8-ontarget\211113-pAP8-ontarget.xpt
Protocol File Path:	C:\Users\Public\Documents\Protocols\OD600_RFP_gain35.prt



Plate Number	Plate 3
Date	11/13/2021
Time	3:09:08 PM
Reader Type:	Synergy HTX
Reader Serial Number:	15021819
Reading Type	Reader

Procedure Details

Plate Type	96 WELL PLATE
Well Selection	Runtime
Eject plate on completion	
Read	Absorbance Endpoint
	Full Plate
	Wavelengths:  600
	Read Speed: Normal,  Delay: 100 msec,  Measurements/Data Point: 8
Read	RFP
	Fluorescence Endpoint
	Full Plate
	Filter Set 1
	    Excitation: 540/35,  Emission: 600/40
	    Optics: Bottom,  Gain: 35
	Light Source: Tungsten,  Extended Dynamic Range
	Read Speed: Normal,  Delay: 100 msec,  Measurements/Data Point: 10



Actual Temperature:	24.1



Actual Temperature:	24.2

Results
	1	2	3	4	5	6	7	8	9	10	11	12
A	0.845	0.850	0.809	0.812	0.826	0.813	0.793	0.799	0.798	0.777	0.779	0.799	600
	42	76	141	118	48	40	68	50	37	49	76	59	RFP:540/35,600/40
	49.710	89.391	174.397	145.284	58.140	49.225	85.750	62.610	46.354	63.023	97.561	73.852	Ratio
B	0.836	0.819	0.866	0.858	0.842	0.816	0.789	0.819	0.803	0.837	0.793	0.822	600
	42	36	77	100	38	61	49	109	56	1285	58	37	RFP:540/35,600/40
	50.251	43.940	88.915	116.550	45.125	74.755	62.080	133.024	69.704	1535.062	73.149	44.996	Ratio
C	0.848	0.834	0.853	0.847	0.834	0.857	0.822	0.819	0.795	0.802	0.805	0.772	600
	39	41	54	69	150	45	73	625	85	51	72	66	RFP:540/35,600/40
	45.996	49.167	63.313	81.435	179.942	52.539	88.775	763.312	106.932	63.575	89.452	85.470	Ratio
D	0.840	0.935	0.885	0.912	0.929	0.881	0.834	0.869	0.859	0.865	0.853	0.832	600
	83	64	54	55	40	81	59	346	39	71	74	53	RFP:540/35,600/40
	98.810	68.486	61.003	60.314	43.066	91.951	70.735	397.976	45.407	82.100	86.753	63.710	Ratio
E	0.843	0.845	0.892	0.899	0.894	0.882	0.848	0.828	0.829	0.814	0.830	0.817	600
	38	44	44	49	170	60	133	229	39	47	54	52	RFP:540/35,600/40
	45.082	52.089	49.349	54.517	190.050	68.035	156.877	276.637	47.056	57.768	65.084	63.624	Ratio
F	0.849	0.865	0.859	0.874	0.876	0.838	0.840	0.830	0.848	0.873	0.838	0.785	600
	294	178	57	50	55	56	51	73	625	3449	73	98	RFP:540/35,600/40
	346.127	205.733	66.356	57.215	62.764	66.794	60.729	87.952	737.202	3950.745	87.091	124.841	Ratio
G	0.860	0.861	0.831	0.871	0.823	0.825	0.846	0.813	0.814	0.805	0.807	0.796	600
	120	38	49	55	53	71	40	52	54	69	102	50	RFP:540/35,600/40
	139.600	44.160	58.951	63.117	64.391	86.081	47.281	63.945	66.355	85.725	126.331	62.830	Ratio
H	0.829	0.874	0.867	0.871	0.828	0.835	0.826	0.839	0.830	0.828	0.821	0.852	600
	48	93	153	53	44	54	58	44	51	77	100	71	RFP:540/35,600/40
	57.880	106.395	176.410	60.857	53.172	64.640	70.192	52.475	61.468	92.973	121.803	83.333	Ratio

