

Software Version	2.07.17



Experiment File Path:	C:\Users\Public\Documents\Experiments\DA\211113-pAP8-ontarget\211113-pAP8-ontarget.xpt
Protocol File Path:	C:\Users\Public\Documents\Protocols\OD600_RFP_gain35.prt



Plate Number	Plate 6
Date	11/13/2021
Time	3:16:22 PM
Reader Type:	Synergy HTX
Reader Serial Number:	15021819
Reading Type	Reader

Procedure Details

Plate Type	96 WELL PLATE
Well Selection	Runtime
Eject plate on completion	
Read	Absorbance Endpoint
	Full Plate
	Wavelengths:  600
	Read Speed: Normal,  Delay: 100 msec,  Measurements/Data Point: 8
Read	RFP
	Fluorescence Endpoint
	Full Plate
	Filter Set 1
	    Excitation: 540/35,  Emission: 600/40
	    Optics: Bottom,  Gain: 35
	Light Source: Tungsten,  Extended Dynamic Range
	Read Speed: Normal,  Delay: 100 msec,  Measurements/Data Point: 10



Actual Temperature:	24.2



Actual Temperature:	24.3

Results
	1	2	3	4	5	6	7	8	9	10	11	12
A	0.975	1.015	0.909	1.007	0.983	1.038	0.925	0.989	0.858	0.908	0.955	0.999	600
	7649	14856	10752	15583	11306	20297	724	13321	8060	12488	11621	12164	RFP:540/35,600/40
	7844.324	14637.895	11828.383	15470.068	11499.186	19561.488	782.703	13465.076	9397.225	13751.789	12164.765	12176.176	Ratio
B	0.998	0.979	0.908	0.951	0.948	0.926	0.933	0.907	0.975	0.918	0.981	0.908	600
	15738	11729	3407	8047	9579	4244	5171	12341	12851	10229	12495	7554	RFP:540/35,600/40
	15774.281	11975.699	3753.856	8460.730	10102.299	4582.164	5540.555	13604.895	13177.810	11140.274	12731.812	8316.635	Ratio
C	1.020	0.901	0.937	0.923	0.968	0.914	0.986	0.901	0.992	0.861	0.924	0.995	600
	16281	2104	10237	7634	14822	3530	13088	5175	18878	2892	12547	16173	RFP:540/35,600/40
	15964.895	2335.961	10922.962	8270.856	15318.313	3863.835	13277.874	5741.706	19037.919	3358.105	13580.474	16251.005	Ratio
D	0.932	0.960	0.962	0.999	0.948	1.006	1.008	0.958	0.941	0.931	0.964	0.959	600
	4120	13202	13486	15215	12141	16017	17713	12319	12949	15342	15259	15467	RFP:540/35,600/40
	4419.178	13750.651	14026.001	15227.182	12805.611	15916.725	17568.935	12860.424	13765.281	16475.515	15835.409	16129.941	Ratio
E	0.989	0.972	0.956	0.969	0.846	0.878	0.920	0.884	0.945	0.852	0.892	0.925	600
	15347	12439	14871	14999	1970	5697	11633	4159	13355	3128	10558	12633	RFP:540/35,600/40
	15514.557	12797.325	15563.579	15486.835	2327.780	6489.350	12637.697	4702.092	14129.285	3673.086	11836.323	13660.251	Ratio
F	0.980	0.983	0.928	0.910	0.970	0.867	0.910	0.894	0.984	0.942	1.004	0.882	600
	12099	12820	10381	5519	13289	6831	765	7388	17447	10893	18430	7341	RFP:540/35,600/40
	12340.881	13036.404	11186.422	6066.835	13698.588	7883.439	840.659	8267.681	17727.088	11561.240	18360.231	8326.906	Ratio
G	0.945	0.974	0.898	0.986	0.945	0.928	0.859	0.938	0.897	1.021	0.944	0.954	600
	8092	13956	3814	15113	9614	8356	3439	11400	4950	19244	13865	12840	RFP:540/35,600/40
	8563.869	14332.957	4245.798	15333.807	10174.622	8999.461	4002.561	12157.406	5519.625	18842.652	14695.284	13463.353	Ratio
H	0.972	0.968	0.969	0.998	0.945	0.974	0.996	0.918	0.970	0.971	1.020	1.023	600
	12067	12726	11934	15275	8696	15131	17820	9822	12310	18129	18236	18696	RFP:540/35,600/40
	12420.998	13148.052	12322.148	15302.545	9206.013	15536.503	17893.363	10698.181	12694.648	18670.443	17885.445	18282.809	Ratio

