

Software Version	2.07.17



Experiment File Path:	C:\Users\Public\Documents\Experiments\DA\211113-pAP8-ontarget\211113-pAP8-ontarget.xpt
Protocol File Path:	C:\Users\Public\Documents\Protocols\OD600_RFP_gain35.prt



Plate Number	Plate 5
Date	11/13/2021
Time	3:13:49 PM
Reader Type:	Synergy HTX
Reader Serial Number:	15021819
Reading Type	Reader

Procedure Details

Plate Type	96 WELL PLATE
Well Selection	Runtime
Eject plate on completion	
Read	Absorbance Endpoint
	Full Plate
	Wavelengths:  600
	Read Speed: Normal,  Delay: 100 msec,  Measurements/Data Point: 8
Read	RFP
	Fluorescence Endpoint
	Full Plate
	Filter Set 1
	    Excitation: 540/35,  Emission: 600/40
	    Optics: Bottom,  Gain: 35
	Light Source: Tungsten,  Extended Dynamic Range
	Read Speed: Normal,  Delay: 100 msec,  Measurements/Data Point: 10



Actual Temperature:	24.2



Actual Temperature:	24.2

Results
	1	2	3	4	5	6	7	8	9	10	11	12
A	0.866	0.883	0.868	0.856	0.898	0.921	0.889	0.875	0.926	0.926	0.897	0.858	600
	49	579	73	439	89	5710	55	227	69	275	76	84	RFP:540/35,600/40
	56.556	655.496	84.063	512.910	99.131	6200.456	61.860	259.310	74.490	297.072	84.680	97.925	Ratio
B	0.885	0.880	0.894	0.894	0.913	0.934	0.945	0.933	0.948	0.951	0.908	0.922	600
	494	77	47	59	102	53	50	245	142	74	87	55	RFP:540/35,600/40
	558.444	87.510	52.573	65.959	111.695	56.727	52.916	262.650	149.821	77.829	95.762	59.627	Ratio
C	0.867	0.849	0.887	0.877	0.904	0.913	0.892	0.954	0.993	0.939	0.913	0.927	600
	735	48	74	60	460	51	142	56	5341	97	90	785	RFP:540/35,600/40
	847.458	56.557	83.380	68.399	508.962	55.860	159.246	58.688	5379.734	103.257	98.576	846.909	Ratio
D	0.857	0.900	0.892	0.865	0.931	0.887	0.847	0.882	0.940	0.913	0.934	0.927	600
	48	114	217	310	141	487	4407	140	123	1633	598	1063	RFP:540/35,600/40
	56.029	126.667	243.383	358.340	151.483	548.856	5206.143	158.784	130.907	1788.413	640.600	1146.834	Ratio
E	0.857	0.869	0.893	0.869	0.879	0.879	0.906	0.894	0.907	0.902	0.875	0.867	600
	440	104	343	290	1473	56	326	49	165	50	79	385	RFP:540/35,600/40
	513.719	119.747	383.884	333.602	1676.149	63.687	359.903	54.810	181.838	55.439	90.265	443.906	Ratio
F	0.846	0.858	0.853	0.869	0.876	0.861	0.906	0.897	0.942	0.920	0.926	0.891	600
	100	189	77	53	168	52	44	55	4875	89	4889	56	RFP:540/35,600/40
	118.203	220.382	90.270	60.969	191.825	60.430	48.538	61.281	5174.061	96.781	5280.838	62.858	Ratio
G	0.867	0.870	0.877	0.882	0.882	0.866	0.888	0.855	0.902	0.891	0.931	0.895	600
	54	224	48	462	60	1518	51	81	52	200	140	106	RFP:540/35,600/40
	62.262	257.530	54.701	523.988	68.004	1753.089	57.413	94.737	57.662	224.391	150.295	118.449	Ratio
H	0.913	0.915	0.919	0.868	0.863	0.863	0.919	0.891	0.905	1.015	1.007	1.015	600
	144	147	96	326	64	273	3197	84	134	16525	15977	16363	RFP:540/35,600/40
	157.687	160.673	104.507	375.490	74.160	316.302	3477.268	94.255	148.115	16287.207	15869.090	16125.949	Ratio

