

Software Version	2.07.17



Experiment File Path:	C:\Users\Public\Documents\Experiments\DA\211113-pAP8-ontarget\211113-pAP8-ontarget.xpt
Protocol File Path:	C:\Users\Public\Documents\Protocols\OD600_RFP_gain35.prt



Plate Number	Plate 9
Date	11/13/2021
Time	3:28:47 PM
Reader Type:	Synergy HTX
Reader Serial Number:	15021819
Reading Type	Reader

Procedure Details

Plate Type	96 WELL PLATE
Well Selection	Runtime
Eject plate on completion	
Read	Absorbance Endpoint
	Full Plate
	Wavelengths:  600
	Read Speed: Normal,  Delay: 100 msec,  Measurements/Data Point: 8
Read	RFP
	Fluorescence Endpoint
	Full Plate
	Filter Set 1
	    Excitation: 540/35,  Emission: 600/40
	    Optics: Bottom,  Gain: 35
	Light Source: Tungsten,  Extended Dynamic Range
	Read Speed: Normal,  Delay: 100 msec,  Measurements/Data Point: 10



Actual Temperature:	24.4



Actual Temperature:	24.4

Results
	1	2	3	4	5	6	7	8	9	10	11	12
A	0.921	0.914	0.945	0.943	0.930	0.929	0.875	0.907	0.886	0.914	0.902	0.860	600
	66	52	1898	72	43	110	69	120	48	115	62	791	RFP:540/35,600/40
	71.661	56.868	2009.529	76.384	46.217	118.458	78.866	132.231	54.182	125.779	68.713	919.767	Ratio
B	0.931	0.943	0.847	0.950	0.932	0.956	0.918	0.914	0.949	0.955	0.933	0.934	600
	57	63	42	49	88	47	1124	44	115	57	60	1011	RFP:540/35,600/40
	61.192	66.808	49.610	51.595	94.421	49.153	1224.668	48.140	121.244	59.711	64.302	1081.978	Ratio
C	0.946	0.932	0.947	0.944	0.973	0.950	0.965	0.952	0.956	0.951	0.944	0.895	600
	58	53	51	71	4232	108	70	56	53	134	347	66	RFP:540/35,600/40
	61.317	56.867	53.883	75.228	4348.541	113.636	72.546	58.836	55.434	140.919	367.468	73.743	Ratio
D	0.929	0.939	0.956	0.960	0.985	0.975	0.944	0.939	0.979	0.952	0.935	0.887	600
	158	61	45	53	169	51	94	106	69	46	178	193	RFP:540/35,600/40
	170.094	64.942	47.071	55.208	171.521	52.313	99.618	112.934	70.473	48.329	190.456	217.489	Ratio
E	0.904	0.959	0.874	0.911	0.933	0.972	0.920	0.933	0.937	0.940	0.926	0.905	600
	628	4199	159	58	66	4301	64	160	145	1102	52	81	RFP:540/35,600/40
	694.998	4377.606	181.922	63.687	70.740	4424.897	69.573	171.435	154.733	1172.964	56.162	89.473	Ratio
F	0.915	0.938	0.937	0.971	0.980	0.954	0.944	0.930	0.955	0.957	0.902	0.915	600
	64	46	311	1172	162	123	456	49	54	69	50	46	RFP:540/35,600/40
	69.915	49.067	332.017	1207.501	165.357	128.917	482.949	52.666	56.539	72.108	55.432	50.273	Ratio
G	0.946	0.958	0.954	0.980	0.959	0.975	0.953	0.944	0.973	0.958	0.962	0.933	600
	155	1087	98	2078	62	256	51	213	64	84	51	133	RFP:540/35,600/40
	163.934	1134.182	102.715	2119.976	64.624	262.456	53.493	225.636	65.796	87.683	53.004	142.536	Ratio
H	0.924	0.951	0.952	0.966	0.924	0.994	0.982	0.955	0.983	0.964	0.984	0.912	600
	47	42	317	57	104	1409	228	83	60	252	1126	56	RFP:540/35,600/40
	50.888	44.150	332.878	58.994	112.530	1417.790	232.250	86.957	61.038	261.546	1144.891	61.370	Ratio

