

Software Version	2.07.17



Experiment File Path:	C:\Users\Public\Documents\Experiments\DA\211113-pAP8-ontarget\211113-pAP8-ontarget.xpt
Protocol File Path:	C:\Users\Public\Documents\Protocols\OD600_RFP_gain35.prt



Plate Number	Plate 8
Date	11/13/2021
Time	3:26:12 PM
Reader Type:	Synergy HTX
Reader Serial Number:	15021819
Reading Type	Reader

Procedure Details

Plate Type	96 WELL PLATE
Well Selection	Runtime
Eject plate on completion	
Read	Absorbance Endpoint
	Full Plate
	Wavelengths:  600
	Read Speed: Normal,  Delay: 100 msec,  Measurements/Data Point: 8
Read	RFP
	Fluorescence Endpoint
	Full Plate
	Filter Set 1
	    Excitation: 540/35,  Emission: 600/40
	    Optics: Bottom,  Gain: 35
	Light Source: Tungsten,  Extended Dynamic Range
	Read Speed: Normal,  Delay: 100 msec,  Measurements/Data Point: 10



Actual Temperature:	24.4



Actual Temperature:	24.4

Results
	1	2	3	4	5	6	7	8	9	10	11	12
A	1.002	0.943	0.994	0.962	0.904	1.002	0.952	0.993	0.930	0.960	0.923	0.891	600
	9368	6432	14695	9095	1614	12092	9390	11082	4915	11084	7814	11901	RFP:540/35,600/40
	9344.638	6820.785	14779.242	9459.178	1785.991	12064.252	9859.303	11157.874	5286.083	11547.036	8461.289	13352.407	Ratio
B	0.890	0.930	0.833	0.906	0.953	0.898	1.063	0.878	1.001	0.953	0.956	1.015	600
	6739	8097	44	2496	8211	2499	17262	52	11248	6888	6260	14840	RFP:540/35,600/40
	7569.359	8709.261	52.808	2754.055	8619.567	2781.302	16235.892	59.199	11235.641	7225.427	6545.379	14619.249	Ratio
C	0.894	0.918	0.914	0.944	1.011	0.964	0.942	0.925	0.893	0.960	0.969	0.956	600
	6652	5602	4495	8237	15469	10519	8280	6505	4546	11532	13021	8575	RFP:540/35,600/40
	7441.548	6099.075	4919.558	8727.485	15297.666	10915.223	8789.809	7030.152	5092.987	12012.500	13443.114	8968.727	Ratio
D	1.002	0.913	0.888	0.928	0.977	0.891	0.943	0.985	0.961	0.905	0.953	0.962	600
	11999	7311	1189	4518	12118	4491	9324	11164	8353	1723	11553	12909	RFP:540/35,600/40
	11973.855	8006.790	1338.210	4865.913	12399.468	5042.668	9888.641	11335.161	8694.702	1903.447	12125.315	13418.919	Ratio
E	0.960	1.009	0.905	0.928	0.924	1.030	0.939	0.933	0.946	1.009	0.909	0.926	600
	13651	17258	11749	6473	8326	17992	7998	11753	11675	15187	4375	8097	RFP:540/35,600/40
	14218.311	17110.847	12988.061	6975.216	9009.847	17461.180	8515.758	12599.700	12341.438	15054.520	4812.981	8745.949	Ratio
F	0.920	0.877	0.985	1.035	0.961	0.943	0.957	0.876	0.890	0.957	0.914	0.871	600
	8329	1695	13584	15949	12386	11080	13879	3392	5167	8543	5267	1572	RFP:540/35,600/40
	9056.214	1931.624	13790.863	15412.640	12883.295	11745.998	14504.128	3871.262	5803.662	8923.125	5760.691	1805.237	Ratio
G	0.953	0.992	0.949	1.003	0.944	0.956	0.876	0.921	0.928	0.934	0.880	0.946	600
	11320	14688	10295	16313	7577	11153	4649	12476	7426	9184	4285	9949	RFP:540/35,600/40
	11880.772	14813.918	10847.118	16270.696	8030.737	11672.423	5307.078	13552.031	8001.293	9837.189	4867.659	10513.579	Ratio
H	0.902	0.889	0.986	0.956	0.989	1.015	0.953	0.937	0.930	0.979	0.973	0.889	600
	1895	198	13127	6726	10706	14802	11515	8143	6852	11624	14428	6538	RFP:540/35,600/40
	2099.956	222.722	13313.387	7037.037	10821.793	14587.563	12086.701	8691.429	7365.366	11875.766	14832.939	7356.813	Ratio

