

Software Version	2.07.17



Experiment File Path:	C:\Users\Public\Documents\Experiments\DA\211113-pAP8-ontarget\211113-pAP8-ontarget.xpt
Protocol File Path:	C:\Users\Public\Documents\Protocols\OD600_RFP_gain35.prt



Plate Number	Plate 10
Date	11/13/2021
Time	3:31:02 PM
Reader Type:	Synergy HTX
Reader Serial Number:	15021819
Reading Type	Reader

Procedure Details

Plate Type	96 WELL PLATE
Well Selection	Runtime
Eject plate on completion	
Read	Absorbance Endpoint
	Full Plate
	Wavelengths:  600
	Read Speed: Normal,  Delay: 100 msec,  Measurements/Data Point: 8
Read	RFP
	Fluorescence Endpoint
	Full Plate
	Filter Set 1
	    Excitation: 540/35,  Emission: 600/40
	    Optics: Bottom,  Gain: 35
	Light Source: Tungsten,  Extended Dynamic Range
	Read Speed: Normal,  Delay: 100 msec,  Measurements/Data Point: 10



Actual Temperature:	24.5



Actual Temperature:	24.5

Results
	1	2	3	4	5	6	7	8	9	10	11	12
A	1.013	1.002	0.886	1.031	0.928	0.991	1.037	0.887	0.997	1.032	0.964	0.954	600
	15629	13635	1755	14354	5839	11105	14583	3017	11417	14971	8605	11798	RFP:540/35,600/40
	15431.477	13610.501	1981.707	13929.161	6291.348	11203.592	14062.681	3401.353	11450.206	14509.595	8924.497	12372.064	Ratio
B	1.006	0.915	0.982	0.976	0.964	1.062	1.000	1.013	0.981	0.995	0.980	0.893	600
	13982	1117	13450	11717	10816	17873	13977	16321	11236	12802	11324	3663	RFP:540/35,600/40
	13904.137	1221.299	13702.119	12011.276	11224.575	16823.230	13971.411	16114.731	11451.284	12863.746	11556.281	4102.363	Ratio
C	1.046	0.973	1.089	0.955	1.012	0.993	1.047	0.946	1.053	0.925	1.035	1.100	600
	18570	11312	19960	8155	12768	10215	16069	5657	18792	4237	14337	19089	RFP:540/35,600/40
	17760.138	11631.877	18337.161	8542.845	12612.862	10289.081	15350.592	5981.180	17839.377	4582.522	13857.529	17356.792	Ratio
D	0.945	0.944	1.030	0.954	1.005	0.994	1.013	0.967	1.041	0.955	0.990	1.004	600
	3162	4297	13562	5473	12202	11473	11875	5921	14816	6265	11031	11654	RFP:540/35,600/40
	3347.803	4550.461	13164.434	5738.100	12140.086	11545.738	11720.292	6123.694	14236.572	6558.149	11139.049	11605.258	Ratio
E	0.979	0.967	0.971	1.043	1.032	0.949	1.034	0.968	0.958	1.020	1.037	1.027	600
	10216	7671	7714	15296	14557	7218	13998	7793	5681	11442	11869	11516	RFP:540/35,600/40
	10438.337	7936.065	7945.205	14668.201	14101.521	7603.497	13542.957	8049.788	5931.920	11218.747	11451.037	11214.334	Ratio
F	1.070	0.948	0.985	0.993	0.985	0.971	0.980	0.917	0.995	1.021	0.964	1.050	600
	16617	2856	10033	10200	9615	6042	7109	1406	8008	11267	6468	16535	RFP:540/35,600/40
	15529.907	3012.976	10187.855	10276.043	9758.449	6222.451	7257.785	1533.093	8046.624	11037.422	6712.329	15749.119	Ratio
G	0.937	1.028	0.974	0.991	0.995	1.005	0.985	1.072	1.024	1.064	0.967	1.011	600
	1814	16629	6296	11718	10446	10086	8895	17658	10324	16381	8012	12489	RFP:540/35,600/40
	1936.793	16171.351	6464.729	11820.841	10501.659	10039.817	9034.126	16476.626	10084.001	15401.467	8287.990	12359.228	Ratio
H	1.025	0.962	1.037	0.959	0.951	0.932	0.953	0.949	0.993	0.950	0.997	0.992	600
	13678	12658	14760	7714	7064	4543	4878	6700	9286	3504	12461	12639	RFP:540/35,600/40
	13350.903	13152.535	14236.111	8043.796	7430.315	4874.987	5118.573	7058.576	9347.695	3688.421	12502.257	12744.782	Ratio

