

Software Version	2.07.17



Experiment File Path:	C:\Users\Public\Documents\Experiments\DA\211113-pAP8-ontarget\211113-pAP8-ontarget.xpt
Protocol File Path:	C:\Users\Public\Documents\Protocols\OD600_RFP_gain35.prt



Plate Number	Plate 7
Date	11/13/2021
Time	3:22:57 PM
Reader Type:	Synergy HTX
Reader Serial Number:	15021819
Reading Type	Reader

Procedure Details

Plate Type	96 WELL PLATE
Well Selection	Runtime
Eject plate on completion	
Read	Absorbance Endpoint
	Full Plate
	Wavelengths:  600
	Read Speed: Normal,  Delay: 100 msec,  Measurements/Data Point: 8
Read	RFP
	Fluorescence Endpoint
	Full Plate
	Filter Set 1
	    Excitation: 540/35,  Emission: 600/40
	    Optics: Bottom,  Gain: 35
	Light Source: Tungsten,  Extended Dynamic Range
	Read Speed: Normal,  Delay: 100 msec,  Measurements/Data Point: 10



Actual Temperature:	24.3



Actual Temperature:	24.3

Results
	1	2	3	4	5	6	7	8	9	10	11	12
A	0.081	0.075	0.072	0.071	0.092	0.073	0.080	0.079	0.080	0.073	0.058	0.061	600
	36	33	38	34	34	34	33	32	33	33	31	30	RFP:540/35,600/40
	443.350	441.176	529.986	476.190	370.774	467.033	411.471	406.607	411.471	448.980	537.262	492.611	Ratio
B	0.870	0.857	0.881	0.878	0.894	0.893	0.858	0.923	0.936	0.913	0.926	0.881	600
	1003	44	1121	344	314	4251	675	5905	368	525	262	103	RFP:540/35,600/40
	1152.476	51.348	1272.129	391.844	351.230	4761.958	786.897	6399.003	393.204	574.713	283.060	116.860	Ratio
C	0.955	0.867	0.911	0.907	0.893	0.920	0.915	0.898	0.989	0.901	0.902	0.914	600
	10705	407	5539	131	614	274	3004	87	10043	58	798	3955	RFP:540/35,600/40
	11207.077	469.272	6077.463	144.448	687.185	297.956	3281.626	96.914	10156.756	64.351	885.093	4325.714	Ratio
D	0.872	0.891	0.885	0.903	0.900	0.898	0.917	0.879	0.914	0.903	0.891	0.866	600
	77	165	765	94	1069	369	235	98	2580	91	289	284	RFP:540/35,600/40
	88.313	185.248	864.700	104.051	1187.646	411.096	256.187	111.440	2822.757	100.798	324.464	328.058	Ratio
E	0.859	0.857	0.904	0.880	0.894	0.879	0.894	0.885	0.900	0.924	0.890	0.891	600
	431	84	92	1735	1382	97	1167	87	68	548	358	321	RFP:540/35,600/40
	501.980	98.039	101.747	1971.815	1545.861	110.340	1305.661	98.261	75.547	593.074	402.202	360.229	Ratio
F	0.906	0.909	0.888	0.883	0.892	0.902	0.886	0.881	0.894	0.883	0.856	0.882	600
	4568	49	129	192	157	90	103	220	88	249	131	3547	RFP:540/35,600/40
	5041.943	53.923	145.270	217.367	176.029	99.778	116.305	249.745	98.379	282.089	153.002	4022.454	Ratio
G	0.894	0.915	0.871	0.893	0.866	0.907	0.886	0.933	0.859	0.902	0.883	0.890	600
	49	4510	66	365	175	187	128	4553	311	3269	79	287	RFP:540/35,600/40
	54.779	4927.346	75.766	408.735	202.102	206.151	144.518	4882.050	361.880	3624.570	89.427	322.544	Ratio
H	0.893	0.854	0.901	0.878	0.893	0.855	0.883	0.893	0.883	0.890	0.895	0.890	600
	1059	603	1461	93	81	57	81	101	300	65	502	273	RFP:540/35,600/40
	1185.227	705.758	1620.812	105.971	90.675	66.651	91.774	113.077	339.789	73.067	560.581	306.638	Ratio

