

Software Version	2.07.17



Experiment File Path:	C:\Users\Public\Documents\Experiments\DA\211103-p70mut\211103-p70mut.xpt
Protocol File Path:	C:\Users\Public\Documents\Protocols\OD600_GFP_RFP_35gain.prt



Plate Number	Plate 2
Date	11/3/2021
Time	12:20:58 PM
Reader Type:	Synergy HTX
Reader Serial Number:	15021819
Reading Type	Reader

Procedure Details

Plate Type	96 WELL PLATE
Well Selection	Runtime
Eject plate on completion	
Read	Absorbance Endpoint
	Full Plate
	Wavelengths:  600
	Read Speed: Normal,  Delay: 100 msec,  Measurements/Data Point: 8
Read	GFP+RFP
	Fluorescence Endpoint
	Full Plate
	Filter Set 1
	    Excitation: 485/20,  Emission: 528/20
	    Optics: Bottom,  Gain: 35
	Filter Set 2
	    Excitation: 540/35,  Emission: 600/40
	    Optics: Bottom,  Gain: 35
	Light Source: Tungsten,  Extended Dynamic Range
	Read Speed: Normal,  Delay: 100 msec,  Measurements/Data Point: 10



Actual Temperature:	22.0



Actual Temperature:	22.0



Actual Temperature:	22.0

Results
	1	2	3	4	5	6	7	8	9	10	11	12
A	0.956	1.100	0.876	0.870	1.003	1.064	1.042	0.882	1.022	0.940	0.883	0.894	600
	368	394	343	334	374	385	403	352	320	361	344	334	GFP+RFP:485/20,528/20
	6882	25812	6424	2541	14390	20199	15428	2121	17709	3522	2038	2838	GFP+RFP:540/35,600/40
	7195.734	23459.057	7332.496	2920.690	14345.529	18982.239	14801.880	2403.672	17324.398	3748.005	2309.087	3172.722	Ratio
B	1.035	1.155	1.029	0.943	1.020	0.986	0.907	1.056	0.986	0.937	1.006	1.087	600
	397	408	407	372	385	382	350	363	378	363	373	384	GFP+RFP:485/20,528/20
	13893	27268	8622	4543	13384	11333	3195	20826	3893	2078	15673	20373	GFP+RFP:540/35,600/40
	13420.595	23614.792	8382.267	4818.114	13124.142	11492.749	3521.825	19723.459	3946.675	2218.190	15581.072	18740.686	Ratio
C	1.001	0.904	0.877	0.907	1.057	1.101	0.927	0.919	0.960	1.034	1.002	1.052	600
	379	351	369	373	387	406	370	334	379	406	387	401	GFP+RFP:485/20,528/20
	13788	2540	1010	1673	25499	22575	10603	11493	11124	11705	2875	14897	GFP+RFP:540/35,600/40
	13778.355	2809.424	1151.522	1844.542	24123.936	20505.950	11433.039	12507.346	11592.330	11315.739	2870.694	14160.646	Ratio
D	1.069	1.020	0.992	1.015	0.925	0.950	0.914	0.967	0.888	0.911	0.919	1.040	600
	409	397	390	389	363	324	361	379	349	359	364	386	GFP+RFP:485/20,528/20
	14869	9381	9712	15777	2083	15792	2349	11447	2486	3212	890	18964	GFP+RFP:540/35,600/40
	13914.468	9195.256	9788.349	15537.719	2251.405	16631.912	2570.022	11840.091	2797.974	3525.409	968.760	18238.123	Ratio
E	1.044	0.932	0.969	0.947	1.117	0.962	0.880	0.993	0.951	0.972	1.145	0.973	600
	393	368	378	383	401	392	351	393	372	371	395	340	GFP+RFP:485/20,528/20
	16137	2672	8411	6537	29194	836	2418	11741	4879	3484	28577	10762	GFP+RFP:540/35,600/40
	15461.339	2866.030	8680.978	6902.851	26143.100	868.842	2746.791	11822.576	5132.008	3584.362	24953.720	11062.911	Ratio
F	0.971	0.954	0.963	0.999	1.003	0.999	1.011	1.000	1.148	1.142	0.966	0.922	600
	364	365	378	353	401	411	400	399	418	409	370	354	GFP+RFP:485/20,528/20
	3208	3112	2236	11033	5473	3421	3348	3236	25282	24963	5262	5036	GFP+RFP:540/35,600/40
	3305.513	3263.081	2321.429	11040.729	5456.630	3423.739	3311.573	3237.295	22032.244	21860.934	5448.333	5463.224	Ratio
G	0.944	1.025	1.023	0.984	1.005	0.960	1.170	1.057	0.951	1.161	0.861	1.044	600
	361	404	395	392	396	393	407	408	382	414	365	401	GFP+RFP:485/20,528/20
	5045	12021	11867	5352	12312	3514	38011	16563	1646	28583	59	14361	GFP+RFP:540/35,600/40
	5343.148	11726.661	11596.795	5439.577	12247.090	3660.035	32485.258	15665.374	1731.538	24610.815	68.501	13759.701	Ratio
H	0.964	0.905	1.011	0.988	0.931	0.957	1.006	1.019	0.963	0.921	1.114	1.019	600
	385	380	390	385	360	374	389	395	369	357	400	385	GFP+RFP:485/20,528/20
	1068	59	10712	10293	4982	5148	10550	10743	5061	2236	28026	10640	GFP+RFP:540/35,600/40
	1107.999	65.186	10600.693	10416.962	5349.511	5379.310	10484.993	10538.552	5253.270	2427.796	25148.959	10441.609	Ratio

