

Software Version	2.07.17



Experiment File Path:	C:\Users\Public\Documents\Experiments\DA\211103-p70mut\211103-p70mut.xpt
Protocol File Path:	C:\Users\Public\Documents\Protocols\OD600_GFP_RFP_35gain.prt



Plate Number	Plate 4
Date	11/3/2021
Time	12:26:59 PM
Reader Type:	Synergy HTX
Reader Serial Number:	15021819
Reading Type	Reader

Procedure Details

Plate Type	96 WELL PLATE
Well Selection	Runtime
Eject plate on completion	
Read	Absorbance Endpoint
	Full Plate
	Wavelengths:  600
	Read Speed: Normal,  Delay: 100 msec,  Measurements/Data Point: 8
Read	GFP+RFP
	Fluorescence Endpoint
	Full Plate
	Filter Set 1
	    Excitation: 485/20,  Emission: 528/20
	    Optics: Bottom,  Gain: 35
	Filter Set 2
	    Excitation: 540/35,  Emission: 600/40
	    Optics: Bottom,  Gain: 35
	Light Source: Tungsten,  Extended Dynamic Range
	Read Speed: Normal,  Delay: 100 msec,  Measurements/Data Point: 10



Actual Temperature:	22.2



Actual Temperature:	22.3



Actual Temperature:	22.3

Results
	1	2	3	4	5	6	7	8	9	10	11	12
A	0.945	0.960	0.964	0.996	1.032	1.013	1.140	1.069	1.170	1.019	0.908	1.037	600
	358	372	370	370	390	379	391	382	409	380	334	361	GFP+RFP:485/20,528/20
	55	57	59	7977	8732	8764	23639	23296	24569	7353	6435	17311	GFP+RFP:540/35,600/40
	58.195	59.375	61.222	8006.625	8465.342	8652.384	20737.784	21790.291	21004.531	7213.067	7084.664	16690.127	Ratio
B	1.038	0.951	1.021	1.069	0.919	0.928	0.930	0.952	0.972	0.964	1.013	0.935	600
	374	356	371	388	349	339	349	355	358	339	379	344	GFP+RFP:485/20,528/20
	14961	3819	15303	17883	3801	3006	2680	3925	2815	3404	7775	2784	GFP+RFP:540/35,600/40
	14410.518	4017.885	14986.779	16720.898	4137.818	3237.480	2880.482	4122.899	2897.581	3532.220	7675.222	2976.585	Ratio
C	1.087	0.948	1.071	0.972	1.059	0.957	0.946	1.040	0.949	0.955	1.055	1.149	600
	393	363	362	327	392	371	362	384	365	363	387	398	GFP+RFP:485/20,528/20
	18407	2703	20018	15308	16145	1455	2679	18385	2761	2763	15181	25127	GFP+RFP:540/35,600/40
	16938.437	2850.063	18696.180	15750.592	15239.758	1519.900	2833.122	17677.885	2909.072	2892.285	14389.573	21868.581	Ratio
D	1.048	1.073	0.967	1.038	1.036	1.049	0.881	0.925	0.911	1.077	0.945	1.023	600
	379	392	374	344	378	383	346	351	335	380	350	331	GFP+RFP:485/20,528/20
	16165	18492	3224	20263	16665	17286	3561	2662	3096	18949	3817	16227	GFP+RFP:540/35,600/40
	15424.618	17238.743	3332.989	19526.838	16087.460	16486.409	4042.457	2876.283	3398.836	17597.511	4037.872	15863.721	Ratio
E	0.978	0.946	0.948	1.033	1.047	0.902	0.907	0.934	0.925	1.145	0.932	1.087	600
	374	362	364	386	400	351	366	352	378	409	386	405	GFP+RFP:485/20,528/20
	4055	3178	3122	14925	12972	5919	2022	4251	2663	23728	2400	18227	GFP+RFP:540/35,600/40
	4145.793	3359.408	3293.249	14452.406	12395.604	6562.084	2229.573	4553.342	2879.230	20719.525	2574.555	16771.255	Ratio
F	1.027	0.964	1.030	1.106	0.972	1.086	0.988	0.961	1.056	0.939	0.947	0.944	600
	389	367	387	409	380	400	377	382	399	361	376	378	GFP+RFP:485/20,528/20
	9348	3888	9749	18677	3109	18051	9907	2851	16367	3657	2143	3871	GFP+RFP:540/35,600/40
	9099.581	4031.522	9467.806	16883.927	3199.218	16616.957	10031.389	2966.393	15497.585	3896.228	2264.131	4101.939	Ratio
G	0.945	0.960	0.966	0.935	1.288	0.946	0.973	1.065	0.967	0.970	1.088	1.002	600
	364	364	369	350	453	362	382	395	372	370	397	380	GFP+RFP:485/20,528/20
	2830	4007	3850	3609	40668	2977	2742	19160	4032	4063	19101	8948	GFP+RFP:540/35,600/40
	2995.026	4172.220	3987.571	3858.655	31569.632	3147.267	2817.799	17985.544	4167.873	4186.933	17549.614	8934.598	Ratio
H	0.950	0.923	0.944	0.972	0.889	0.926	1.104	1.129	1.003	0.956	0.042	0.042	600
	344	342	353	364	348	360	398	398	332	359	22	23	GFP+RFP:485/20,528/20
	4076	2987	2788	3978	2560	2751	20874	21225	15694	3997	51	50	GFP+RFP:540/35,600/40
	4290.978	3236.888	2953.077	4091.330	2878.345	2971.805	18912.748	18806.486	15653.301	4181.400	1220.096	1193.317	Ratio

