

Software Version	2.07.17



Experiment File Path:	C:\Users\Public\Documents\Experiments\DA\210709-UPlibs-ecoli.xpt
Protocol File Path:	C:\Users\Public\Documents\Protocols\OD600_GFP_RFP_35gain.prt



Plate Number	Plate 3
Date	7/9/2021
Time	10:57:31 AM
Reader Type:	Synergy HTX
Reader Serial Number:	15021819
Reading Type	Reader

Procedure Details

Plate Type	96 WELL PLATE
Well Selection	Runtime
Eject plate on completion	
Read	Absorbance Endpoint
	Full Plate
	Wavelengths:  600
	Read Speed: Normal,  Delay: 100 msec,  Measurements/Data Point: 8
Read	GFP+RFP
	Fluorescence Endpoint
	Full Plate
	Filter Set 1
	    Excitation: 485/20,  Emission: 528/20
	    Optics: Bottom,  Gain: 35
	Filter Set 2
	    Excitation: 540/35,  Emission: 600/40
	    Optics: Bottom,  Gain: 35
	Light Source: Tungsten,  Extended Dynamic Range
	Read Speed: Normal,  Delay: 100 msec,  Measurements/Data Point: 10



Actual Temperature:	21.5



Actual Temperature:	21.5



Actual Temperature:	21.5

Results
	1	2	3	4	5	6	7	8	9	10	11	12
A	0.913	0.909	0.940	0.929	0.912	0.902	0.913	0.868	0.894	0.930	0.911	0.883	600
	215	217	223	222	212	213	213	202	213	227	216	214	GFP+RFP:485/20,528/20
	135	96	109	66	109	83	109	61	109	114	108	60	GFP+RFP:540/35,600/40
	147.913	105.564	115.908	71.006	119.452	91.977	119.400	70.276	121.883	122.633	118.603	67.919	Ratio
B	0.898	0.897	0.933	0.906	0.914	0.887	0.896	0.870	0.891	0.890	0.905	0.872	600
	216	215	220	215	218	210	212	203	209	205	222	214	GFP+RFP:485/20,528/20
	65	112	161	114	106	185	104	161	122	126	134	75	GFP+RFP:540/35,600/40
	72.415	124.875	172.654	125.758	115.999	208.545	116.071	185.036	136.925	141.525	148.115	85.989	Ratio
C	0.878	0.880	0.916	0.896	0.898	0.886	0.872	0.871	0.884	0.884	0.884	0.883	600
	209	208	219	211	212	209	206	207	210	208	213	215	GFP+RFP:485/20,528/20
	105	98	63	105	114	61	64	95	102	106	91	45	GFP+RFP:540/35,600/40
	119.617	111.300	68.770	117.174	126.963	68.818	73.361	109.032	115.398	119.937	102.895	50.968	Ratio
D	0.882	0.924	0.899	0.876	0.882	0.905	0.880	0.905	0.915	0.891	0.914	0.897	600
	210	216	214	204	210	215	211	214	217	208	219	217	GFP+RFP:485/20,528/20
	132	75	49	73	47	125	65	93	60	103	108	101	GFP+RFP:540/35,600/40
	149.643	81.142	54.529	83.371	53.264	138.183	73.864	102.717	65.588	115.626	118.097	112.572	Ratio
E	0.895	0.899	0.904	0.893	0.912	0.886	0.889	0.864	0.879	0.912	0.899	0.892	600
	209	215	216	212	221	212	217	208	211	227	219	214	GFP+RFP:485/20,528/20
	65	76	133	61	141	104	54	113	178	136	71	141	GFP+RFP:540/35,600/40
	72.642	84.567	147.059	68.271	154.622	117.395	60.756	130.772	202.457	149.074	79.012	157.983	Ratio
F	0.938	0.936	0.924	0.913	0.918	0.922	0.882	0.913	0.894	0.931	0.907	0.906	600
	222	224	222	215	220	223	210	220	217	227	223	218	GFP+RFP:485/20,528/20
	76	71	111	66	119	55	93	108	86	110	110	107	GFP+RFP:540/35,600/40
	81.058	75.895	120.117	72.265	129.573	59.634	105.490	118.317	96.186	118.178	121.252	118.075	Ratio
G	0.899	0.891	0.880	0.894	0.926	0.903	0.901	0.878	0.889	0.910	0.882	0.910	600
	211	213	210	215	223	218	223	214	217	221	218	226	GFP+RFP:485/20,528/20
	78	109	133	59	62	109	119	66	92	127	70	64	GFP+RFP:540/35,600/40
	86.802	122.389	151.205	65.973	66.969	120.735	132.134	75.145	103.499	139.560	79.401	70.299	Ratio
H	0.878	0.882	0.880	0.893	0.913	0.926	0.906	0.909	0.915	0.930	0.896	0.901	600
	210	209	209	214	218	227	222	223	224	226	220	217	GFP+RFP:485/20,528/20
	64	128	99	106	103	83	94	69	156	175	80	68	GFP+RFP:540/35,600/40
	72.860	145.042	112.513	118.688	112.790	89.613	103.730	75.924	170.510	188.172	89.256	75.430	Ratio

