

Software Version	2.07.17



Experiment File Path:	C:\Users\Public\Documents\Experiments\DA\210709-UPlibs-ecoli.xpt
Protocol File Path:	C:\Users\Public\Documents\Protocols\OD600_GFP_RFP_35gain.prt



Plate Number	Plate 4
Date	7/9/2021
Time	11:02:47 AM
Reader Type:	Synergy HTX
Reader Serial Number:	15021819
Reading Type	Reader

Procedure Details

Plate Type	96 WELL PLATE
Well Selection	Runtime
Eject plate on completion	
Read	Absorbance Endpoint
	Full Plate
	Wavelengths:  600
	Read Speed: Normal,  Delay: 100 msec,  Measurements/Data Point: 8
Read	GFP+RFP
	Fluorescence Endpoint
	Full Plate
	Filter Set 1
	    Excitation: 485/20,  Emission: 528/20
	    Optics: Bottom,  Gain: 35
	Filter Set 2
	    Excitation: 540/35,  Emission: 600/40
	    Optics: Bottom,  Gain: 35
	Light Source: Tungsten,  Extended Dynamic Range
	Read Speed: Normal,  Delay: 100 msec,  Measurements/Data Point: 10



Actual Temperature:	21.6



Actual Temperature:	21.7



Actual Temperature:	21.7

Results
	1	2	3	4	5	6	7	8	9	10	11	12
A	0.945	0.950	0.922	0.957	0.913	0.939	0.909	0.901	0.917	0.920	0.895	0.925	600
	274	279	275	292	276	288	276	275	282	280	268	274	GFP+RFP:485/20,528/20
	5365	4107	126	3129	122	622	122	267	123	1210	122	3547	GFP+RFP:540/35,600/40
	5679.653	4324.979	136.704	3269.251	133.655	662.407	134.243	296.436	134.104	1315.503	136.237	3832.937	Ratio
B	0.888	0.895	0.949	0.953	0.951	0.981	0.934	0.912	0.979	0.958	0.938	0.898	600
	266	273	287	281	299	330	287	279	294	288	286	272	GFP+RFP:485/20,528/20
	2130	664	3413	4587	4398	5659	1940	1664	6962	4853	1662	1375	GFP+RFP:540/35,600/40
	2398.109	741.485	3597.175	4815.242	4623.633	5771.545	2076.643	1824.962	7111.338	5063.648	1772.800	1530.499	Ratio
C	0.916	0.946	0.889	0.923	0.942	0.900	0.924	0.915	0.955	0.959	0.929	0.909	600
	276	288	280	283	286	280	283	288	297	292	283	280	GFP+RFP:485/20,528/20
	123	3478	371	126	1581	294	2958	1216	5920	6097	1631	59	GFP+RFP:540/35,600/40
	134.279	3675.756	417.229	136.452	1677.988	326.739	3200.606	1329.543	6201.550	6355.676	1755.462	64.914	Ratio
D	0.933	0.938	0.943	0.934	0.876	0.936	0.908	0.970	0.954	0.940	0.947	0.890	600
	289	286	295	288	277	287	288	291	288	280	282	270	GFP+RFP:485/20,528/20
	2860	2730	1266	360	47	1816	321	5391	1198	2513	5329	792	GFP+RFP:540/35,600/40
	3066.695	2910.448	1342.382	385.274	53.653	1940.378	353.602	5559.451	1255.502	2674.258	5630.217	889.688	Ratio
E	0.940	0.873	0.941	0.917	0.960	0.924	0.921	0.953	0.957	0.925	0.891	0.931	600
	292	277	303	280	288	283	277	293	290	281	271	278	GFP+RFP:485/20,528/20
	780	590	1155	1059	5599	119	779	2246	4594	2576	1401	4915	GFP+RFP:540/35,600/40
	830.052	675.985	1227.940	1154.475	5832.899	128.830	845.544	2356.026	4802.927	2783.661	1572.038	5279.837	Ratio
F	0.915	0.934	0.920	0.946	0.940	0.930	0.912	0.915	0.929	0.921	0.917	0.873	600
	284	279	284	280	283	281	284	280	281	284	285	268	GFP+RFP:485/20,528/20
	401	243	122	1415	2347	1444	1320	749	2547	124	988	826	GFP+RFP:540/35,600/40
	438.443	260.060	132.580	1495.614	2497.340	1553.189	1448.004	818.669	2740.478	134.607	1077.309	945.946	Ratio
G	0.929	0.920	0.960	0.913	0.945	0.924	0.919	0.892	0.914	0.954	0.874	0.866	600
	293	293	286	282	288	280	285	271	282	289	273	271	GFP+RFP:485/20,528/20
	1020	123	5204	206	2897	119	2427	443	1073	7276	374	687	GFP+RFP:540/35,600/40
	1097.482	133.652	5423.658	225.655	3066.582	128.732	2640.052	496.359	1174.346	7623.638	428.065	792.936	Ratio
H	0.930	0.932	0.912	0.913	0.899	0.901	0.895	0.895	0.937	0.949	0.895	0.930	600
	286	284	285	280	275	270	270	276	286	291	274	280	GFP+RFP:485/20,528/20
	1670	5414	1368	1877	652	859	566	438	4204	4725	697	3993	GFP+RFP:540/35,600/40
	1796.472	5809.636	1500.329	2055.410	725.573	953.279	632.261	489.167	4487.138	4978.401	778.423	4292.625	Ratio

