

Software Version	2.07.17



Experiment File Path:	C:\Users\Public\Documents\Experiments\DA\210709-UPlibs-ecoli.xpt
Protocol File Path:	C:\Users\Public\Documents\Protocols\OD600_GFP_RFP_35gain.prt



Plate Number	Plate 5
Date	7/9/2021
Time	11:05:47 AM
Reader Type:	Synergy HTX
Reader Serial Number:	15021819
Reading Type	Reader

Procedure Details

Plate Type	96 WELL PLATE
Well Selection	Runtime
Eject plate on completion	
Read	Absorbance Endpoint
	Full Plate
	Wavelengths:  600
	Read Speed: Normal,  Delay: 100 msec,  Measurements/Data Point: 8
Read	GFP+RFP
	Fluorescence Endpoint
	Full Plate
	Filter Set 1
	    Excitation: 485/20,  Emission: 528/20
	    Optics: Bottom,  Gain: 35
	Filter Set 2
	    Excitation: 540/35,  Emission: 600/40
	    Optics: Bottom,  Gain: 35
	Light Source: Tungsten,  Extended Dynamic Range
	Read Speed: Normal,  Delay: 100 msec,  Measurements/Data Point: 10



Actual Temperature:	21.7



Actual Temperature:	21.8



Actual Temperature:	21.8

Results
	1	2	3	4	5	6	7	8	9	10	11	12
A	0.901	0.888	0.903	0.931	0.903	0.907	0.932	0.913	0.892	0.885	0.898	0.877	600
	209	207	212	216	209	210	219	216	207	204	213	207	GFP+RFP:485/20,528/20
	138	113	1716	57	103	88	56	70	56	50	83	82	GFP+RFP:540/35,600/40
	153.146	127.181	1899.491	61.251	114.026	96.970	60.079	76.687	62.780	56.472	92.417	93.533	Ratio
B	0.928	0.916	0.921	0.931	0.929	0.899	0.908	0.913	0.912	0.893	0.899	0.880	600
	216	211	217	216	215	208	211	211	211	203	209	209	GFP+RFP:485/20,528/20
	148	195	48	65	77	89	91	139	70	75	82	85	GFP+RFP:540/35,600/40
	159.534	212.789	52.134	69.780	82.876	98.955	100.165	152.179	76.746	83.987	91.202	96.580	Ratio
C	0.902	0.889	0.904	0.902	0.908	0.901	0.895	0.889	0.911	0.903	0.906	0.892	600
	209	203	212	213	208	208	206	206	210	208	215	215	GFP+RFP:485/20,528/20
	61	71	144	88	253	241	1039	60	149	70	294	217	GFP+RFP:540/35,600/40
	67.605	79.901	159.345	97.572	278.665	267.392	1161.153	67.454	163.467	77.511	324.647	243.165	Ratio
D	0.901	0.940	0.921	0.931	0.889	0.911	0.930	0.914	0.916	0.941	0.932	0.915	600
	213	218	218	216	204	211	215	214	215	223	223	218	GFP+RFP:485/20,528/20
	59	118	93	116	86	93	115	56	184	97	112	293	GFP+RFP:540/35,600/40
	65.497	125.492	100.966	124.544	96.749	102.130	123.709	61.256	200.917	103.137	120.133	320.219	Ratio
E	0.903	0.884	0.906	0.923	0.921	0.898	0.897	0.892	0.885	0.906	0.903	0.904	600
	213	213	212	215	217	209	208	208	210	213	217	214	GFP+RFP:485/20,528/20
	84	48	190	136	94	46	73	56	67	161	105	167	GFP+RFP:540/35,600/40
	92.982	54.311	209.644	147.282	102.063	51.202	81.391	62.766	75.681	177.743	116.292	184.735	Ratio
F	0.918	0.932	0.908	0.908	0.903	0.898	0.893	0.874	0.884	0.899	0.929	0.904	600
	224	221	211	211	209	213	209	205	211	223	226	210	GFP+RFP:485/20,528/20
	143	78	155	172	84	49	55	74	131	106	158	48	GFP+RFP:540/35,600/40
	155.739	83.655	170.630	189.344	93.054	54.535	61.583	84.629	148.240	117.909	170.130	53.080	Ratio
G	0.934	0.913	0.937	0.946	0.938	0.929	0.918	0.907	0.918	0.927	0.924	0.908	600
	223	215	225	226	222	220	215	216	216	216	222	215	GFP+RFP:485/20,528/20
	75	93	75	50	59	110	170	50	120	68	113	105	GFP+RFP:540/35,600/40
	80.317	101.851	80.060	52.849	62.927	118.407	185.165	55.127	130.719	73.339	122.334	115.690	Ratio
H	0.884	0.902	0.912	0.930	0.927	0.908	0.916	0.908	0.897	0.898	0.907	0.885	600
	215	215	218	222	221	216	219	216	213	209	217	217	GFP+RFP:485/20,528/20
	155	77	111	86	51	104	421	220	166	70	60	111	GFP+RFP:540/35,600/40
	175.359	85.356	121.764	92.513	55.040	114.474	459.657	242.317	184.958	77.916	66.138	125.395	Ratio

