

Software Version	2.07.17



Experiment File Path:	C:\Users\Public\Documents\Experiments\DA\210709-UPlibs-ecoli.xpt
Protocol File Path:	C:\Users\Public\Documents\Protocols\OD600_GFP_RFP_35gain.prt



Plate Number	Plate 6
Date	7/9/2021
Time	11:10:29 AM
Reader Type:	Synergy HTX
Reader Serial Number:	15021819
Reading Type	Reader

Procedure Details

Plate Type	96 WELL PLATE
Well Selection	Runtime
Eject plate on completion	
Read	Absorbance Endpoint
	Full Plate
	Wavelengths:  600
	Read Speed: Normal,  Delay: 100 msec,  Measurements/Data Point: 8
Read	GFP+RFP
	Fluorescence Endpoint
	Full Plate
	Filter Set 1
	    Excitation: 485/20,  Emission: 528/20
	    Optics: Bottom,  Gain: 35
	Filter Set 2
	    Excitation: 540/35,  Emission: 600/40
	    Optics: Bottom,  Gain: 35
	Light Source: Tungsten,  Extended Dynamic Range
	Read Speed: Normal,  Delay: 100 msec,  Measurements/Data Point: 10



Actual Temperature:	21.9



Actual Temperature:	21.9



Actual Temperature:	21.9

Results
	1	2	3	4	5	6	7	8	9	10	11	12
A	0.888	0.877	1.038	0.886	0.892	0.936	0.918	0.922	0.914	0.905	0.903	0.912	600
	269	263	331	267	268	284	280	280	274	268	271	267	GFP+RFP:485/20,528/20
	480	707	18822	280	944	2131	139	183	288	68	1421	2434	GFP+RFP:540/35,600/40
	540.723	806.525	18127.709	316.098	1057.703	2276.953	151.334	198.374	315.098	75.163	1573.469	2667.982	Ratio
B	0.972	0.939	0.910	0.920	0.922	0.871	0.958	0.936	0.919	0.914	0.923	0.895	600
	292	285	271	282	284	273	292	281	279	275	274	261	GFP+RFP:485/20,528/20
	7489	2984	168	1263	678	620	4278	3720	642	665	727	3051	GFP+RFP:540/35,600/40
	7703.940	3179.203	184.615	1373.125	734.959	712.234	4463.689	3973.510	698.281	727.890	787.990	3407.035	Ratio
C	0.903	0.924	0.918	0.923	0.899	0.887	0.919	0.916	0.917	0.915	0.901	0.945	600
	270	277	281	282	275	280	279	288	284	277	274	295	GFP+RFP:485/20,528/20
	484	2437	1443	4157	1566	2095	1327	297	1652	820	224	5562	GFP+RFP:540/35,600/40
	535.754	2636.590	1571.553	4501.841	1740.967	2362.693	1443.333	324.377	1801.134	896.371	248.585	5888.207	Ratio
D	0.899	0.913	0.929	0.884	0.907	0.880	0.906	0.895	0.940	0.903	0.905	0.921	600
	283	284	292	270	277	268	277	267	282	269	275	280	GFP+RFP:485/20,528/20
	3984	2591	3424	1921	4115	1696	2499	529	4068	475	706	2891	GFP+RFP:540/35,600/40
	4429.620	2836.965	3685.287	2174.061	4535.935	1927.930	2757.669	590.863	4329.041	525.850	779.852	3138.979	Ratio
E	0.890	0.884	0.914	0.911	0.895	0.902	0.888	0.891	0.888	0.933	0.904	0.908	600
	279	280	280	282	275	280	269	272	279	282	275	283	GFP+RFP:485/20,528/20
	466	171	2980	2072	413	46	522	2548	501	6145	931	2084	GFP+RFP:540/35,600/40
	523.419	193.417	3260.394	2275.423	461.453	51.009	588.103	2860.029	564.126	6589.106	1029.412	2296.166	Ratio
F	0.918	0.911	0.894	0.888	0.877	0.854	0.874	0.876	0.899	0.918	0.905	0.875	600
	284	283	275	274	272	260	266	268	280	278	284	266	GFP+RFP:485/20,528/20
	1935	1765	1331	1273	1263	327	539	971	955	1587	1125	918	GFP+RFP:540/35,600/40
	2107.384	1936.794	1488.814	1433.720	1440.137	382.814	616.917	1108.827	1061.701	1728.382	1242.682	1049.263	Ratio
G	0.939	0.925	0.914	0.912	0.915	0.905	0.914	0.915	0.956	0.907	0.960	0.897	600
	293	287	280	284	296	285	285	287	293	293	300	276	GFP+RFP:485/20,528/20
	4062	2910	1161	94	230	1806	678	132	2767	484	7572	436	GFP+RFP:540/35,600/40
	4327.261	3146.286	1270.380	103.070	251.366	1996.021	741.470	144.310	2893.141	533.686	7887.500	486.282	Ratio
H	0.937	0.891	0.920	0.907	0.871	0.901	0.919	0.926	0.900	0.923	0.904	0.853	600
	288	279	291	283	274	279	282	286	281	283	280	275	GFP+RFP:485/20,528/20
	5149	755	2597	1346	83	1401	4891	2733	1817	3527	163	1280	GFP+RFP:540/35,600/40
	5497.544	846.982	2821.906	1484.341	95.282	1555.457	5320.931	2950.767	2018.440	3821.235	180.210	1501.114	Ratio

