

Software Version	2.07.17



Experiment File Path:	C:\Users\Public\Documents\Experiments\DA\210709-UPlibs-ecoli.xpt
Protocol File Path:	C:\Users\Public\Documents\Protocols\OD600_GFP_RFP_35gain.prt



Plate Number	Plate 7
Date	7/9/2021
Time	11:13:57 AM
Reader Type:	Synergy HTX
Reader Serial Number:	15021819
Reading Type	Reader

Procedure Details

Plate Type	96 WELL PLATE
Well Selection	Runtime
Eject plate on completion	
Read	Absorbance Endpoint
	Full Plate
	Wavelengths:  600
	Read Speed: Normal,  Delay: 100 msec,  Measurements/Data Point: 8
Read	GFP+RFP
	Fluorescence Endpoint
	Full Plate
	Filter Set 1
	    Excitation: 485/20,  Emission: 528/20
	    Optics: Bottom,  Gain: 35
	Filter Set 2
	    Excitation: 540/35,  Emission: 600/40
	    Optics: Bottom,  Gain: 35
	Light Source: Tungsten,  Extended Dynamic Range
	Read Speed: Normal,  Delay: 100 msec,  Measurements/Data Point: 10



Actual Temperature:	22.0



Actual Temperature:	22.1



Actual Temperature:	22.1

Results
	1	2	3	4	5	6	7	8	9	10	11	12
A	0.671	0.679	0.646	0.674	0.881	0.677	0.709	0.707	0.684	0.862	0.625	0.620	600
	72	74	69	75	121	76	77	77	75	114	69	68	GFP+RFP:485/20,528/20
	56	164	96	59	105	233	95	78	59	185	128	53	GFP+RFP:540/35,600/40
	83.420	241.532	148.676	87.550	119.169	344.115	133.916	110.388	86.270	214.518	204.636	85.484	Ratio
B	0.695	0.670	0.675	0.722	0.678	0.648	0.660	0.872	0.818	0.844	0.804	0.625	600
	75	74	73	77	70	72	70	108	95	128	90	71	GFP+RFP:485/20,528/20
	72	151	80	115	85	171	59	204	139	67	56	60	GFP+RFP:540/35,600/40
	103.672	225.508	118.536	159.390	125.350	263.848	89.407	233.945	169.968	79.393	69.678	95.954	Ratio
C	0.650	0.674	0.619	0.632	0.672	0.678	0.795	0.657	0.678	0.811	0.697	0.631	600
	69	76	68	71	72	74	122	73	75	103	79	70	GFP+RFP:485/20,528/20
	128	68	65	52	60	65	159	50	74	135	75	136	GFP+RFP:540/35,600/40
	196.832	100.845	104.940	82.278	89.299	95.884	200.000	76.080	109.209	166.523	107.558	215.360	Ratio
D	0.659	0.682	0.601	0.677	0.664	0.664	0.637	0.792	0.660	0.629	0.632	0.633	600
	73	72	68	72	72	72	67	85	72	69	69	68	GFP+RFP:485/20,528/20
	115	108	146	96	71	66	68	163	68	61	131	146	GFP+RFP:540/35,600/40
	174.586	158.404	243.050	141.697	106.992	99.368	106.700	205.782	103.030	96.964	207.410	230.538	Ratio
E	0.690	0.674	0.690	0.699	0.736	0.686	0.689	0.647	0.668	0.675	0.705	0.691	600
	77	72	76	73	77	75	74	70	71	73	78	77	GFP+RFP:485/20,528/20
	158	82	81	82	56	97	81	150	125	71	109	70	GFP+RFP:540/35,600/40
	228.952	121.680	117.425	117.310	76.097	141.482	117.647	231.696	186.986	105.123	154.632	101.346	Ratio
F	0.651	0.645	0.641	0.635	0.663	0.642	0.673	0.663	0.784	0.728	0.644	0.640	600
	72	71	72	67	73	69	74	73	85	77	69	72	GFP+RFP:485/20,528/20
	57	85	116	59	91	64	60	152	82	61	52	120	GFP+RFP:540/35,600/40
	87.598	131.681	181.080	92.855	137.276	99.704	89.206	229.261	104.632	83.837	80.758	187.500	Ratio
G	0.626	0.636	0.618	0.662	0.699	0.680	0.725	0.874	0.754	0.892	0.876	0.617	600
	70	69	69	73	74	75	78	109	81	119	107	70	GFP+RFP:485/20,528/20
	138	87	47	86	50	83	130	135	73	147	126	48	GFP+RFP:540/35,600/40
	220.307	136.857	76.113	129.949	71.531	122.077	179.261	154.427	96.791	164.761	143.868	77.771	Ratio
H	0.641	0.646	0.650	0.849	0.645	0.625	0.629	0.621	0.709	0.756	0.622	0.631	600
	73	72	71	205	72	71	72	73	76	81	70	68	GFP+RFP:485/20,528/20
	119	57	152	174	72	52	77	66	65	78	69	51	GFP+RFP:540/35,600/40
	185.676	88.167	233.846	204.995	111.663	83.253	122.358	106.263	91.653	103.120	110.986	80.798	Ratio

