

Software Version	2.07.17



Experiment File Path:	C:\Users\Public\Documents\Experiments\DA\210709-UPlibs-ecoli.xpt
Protocol File Path:	C:\Users\Public\Documents\Protocols\OD600_GFP_RFP_35gain.prt



Plate Number	Plate 9
Date	7/9/2021
Time	11:20:51 AM
Reader Type:	Synergy HTX
Reader Serial Number:	15021819
Reading Type	Reader

Procedure Details

Plate Type	96 WELL PLATE
Well Selection	Runtime
Eject plate on completion	
Read	Absorbance Endpoint
	Full Plate
	Wavelengths:  600
	Read Speed: Normal,  Delay: 100 msec,  Measurements/Data Point: 8
Read	GFP+RFP
	Fluorescence Endpoint
	Full Plate
	Filter Set 1
	    Excitation: 485/20,  Emission: 528/20
	    Optics: Bottom,  Gain: 35
	Filter Set 2
	    Excitation: 540/35,  Emission: 600/40
	    Optics: Bottom,  Gain: 35
	Light Source: Tungsten,  Extended Dynamic Range
	Read Speed: Normal,  Delay: 100 msec,  Measurements/Data Point: 10



Actual Temperature:	22.3



Actual Temperature:	22.3



Actual Temperature:	22.3

Results
	1	2	3	4	5	6	7	8	9	10	11	12
A	0.671	0.672	0.670	0.648	0.704	0.706	0.716	0.770	0.709	0.863	0.727	0.648	600
	71	71	70	68	74	76	79	86	76	94	76	69	GFP+RFP:485/20,528/20
	164	666	59	419	115	244	97	403	168	204	585	158	GFP+RFP:540/35,600/40
	244.375	991.366	88.047	646.106	163.422	345.658	135.456	523.649	236.953	236.275	804.566	243.677	Ratio
B	0.653	0.678	0.662	0.679	0.672	0.688	0.679	0.732	0.943	0.891	0.915	0.691	600
	70	74	72	72	74	73	73	76	119	178	110	74	GFP+RFP:485/20,528/20
	303	171	96	184	419	268	118	574	79	271	551	90	GFP+RFP:540/35,600/40
	464.012	252.212	145.015	270.867	623.883	389.422	173.657	783.725	83.740	304.119	602.317	130.246	Ratio
C	0.677	0.676	0.616	0.640	0.659	0.718	0.676	0.694	0.670	0.880	0.674	0.671	600
	72	74	68	70	72	78	74	77	82	173	73	74	GFP+RFP:485/20,528/20
	77	470	196	639	85	62	48	166	862	474	193	297	GFP+RFP:540/35,600/40
	113.771	695.575	318.027	998.438	128.964	86.303	71.027	239.366	1285.991	538.392	286.393	442.491	Ratio
D	0.620	0.587	0.597	0.619	0.685	0.682	0.679	0.697	0.727	0.605	0.614	0.589	600
	70	67	67	69	75	74	73	74	79	69	70	70	GFP+RFP:485/20,528/20
	229	149	372	143	964	122	236	137	616	591	144	60	GFP+RFP:540/35,600/40
	369.534	253.833	623.116	231.092	1407.710	178.991	347.416	196.557	846.968	977.667	234.604	101.850	Ratio
E	0.654	0.594	0.652	0.585	0.635	0.687	0.651	0.625	0.638	0.569	0.640	0.553	600
	72	68	72	68	69	74	72	68	71	65	69	65	GFP+RFP:485/20,528/20
	338	128	802	194	75	413	510	139	131	132	76	198	GFP+RFP:540/35,600/40
	516.899	215.379	1229.496	331.454	118.129	601.252	783.290	222.364	205.426	231.864	118.676	357.788	Ratio
F	0.630	0.634	0.659	0.566	0.662	0.617	0.667	0.653	0.663	0.682	0.630	0.602	600
	73	71	74	67	72	69	72	73	73	78	70	67	GFP+RFP:485/20,528/20
	168	52	440	109	372	111	112	96	99	273	91	51	GFP+RFP:540/35,600/40
	266.709	81.954	667.881	192.511	562.273	179.903	167.841	146.946	149.254	400.235	144.444	84.732	Ratio
G	0.699	0.613	0.599	0.610	0.612	0.648	0.639	0.658	0.745	0.891	0.744	0.623	600
	86	69	68	70	68	73	74	75	87	152	85	72	GFP+RFP:485/20,528/20
	14056	163	116	110	156	520	141	80	248	423	288	60	GFP+RFP:540/35,600/40
	20111.604	266.036	193.656	180.269	254.860	802.098	220.588	121.636	332.841	474.854	386.993	96.277	Ratio
H	0.634	0.570	0.539	0.527	0.639	0.596	0.634	0.688	0.672	0.708	0.650	0.601	600
	71	67	67	66	74	68	74	78	76	81	72	67	GFP+RFP:485/20,528/20
	572	189	240	124	231	72	130	301	410	414	292	242	GFP+RFP:540/35,600/40
	902.635	331.870	445.600	235.294	361.729	120.866	204.886	437.627	610.301	584.663	449.093	402.662	Ratio

