

Software Version	2.07.17



Experiment File Path:	C:\Users\Public\Documents\Experiments\DA\210709-UPlibs-ecoli.xpt
Protocol File Path:	C:\Users\Public\Documents\Protocols\OD600_GFP_RFP_35gain.prt



Plate Number	Plate 10
Date	7/9/2021
Time	11:24:58 AM
Reader Type:	Synergy HTX
Reader Serial Number:	15021819
Reading Type	Reader

Procedure Details

Plate Type	96 WELL PLATE
Well Selection	Runtime
Eject plate on completion	
Read	Absorbance Endpoint
	Full Plate
	Wavelengths:  600
	Read Speed: Normal,  Delay: 100 msec,  Measurements/Data Point: 8
Read	GFP+RFP
	Fluorescence Endpoint
	Full Plate
	Filter Set 1
	    Excitation: 485/20,  Emission: 528/20
	    Optics: Bottom,  Gain: 35
	Filter Set 2
	    Excitation: 540/35,  Emission: 600/40
	    Optics: Bottom,  Gain: 35
	Light Source: Tungsten,  Extended Dynamic Range
	Read Speed: Normal,  Delay: 100 msec,  Measurements/Data Point: 10



Actual Temperature:	22.4



Actual Temperature:	22.5



Actual Temperature:	22.5

Results
	1	2	3	4	5	6	7	8	9	10	11	12
A	0.545	0.538	0.526	0.517	0.533	0.548	0.512	0.506	0.520	0.521	0.496	0.501	600
	89	87	87	88	90	92	87	86	88	89	85	87	GFP+RFP:485/20,528/20
	437	220	89	463	154	453	57	572	287	328	634	344	GFP+RFP:540/35,600/40
	802.424	408.542	169.298	896.071	288.822	825.889	111.415	1129.319	552.348	629.076	1278.484	687.038	Ratio
B	0.551	0.568	0.546	0.535	0.528	0.530	0.519	0.523	0.520	0.540	0.520	0.488	600
	94	96	91	90	87	88	88	87	88	88	85	84	GFP+RFP:485/20,528/20
	751	371	458	379	403	410	409	580	85	308	400	106	GFP+RFP:540/35,600/40
	1362.729	653.629	839.443	708.676	762.535	773.293	787.750	1108.139	163.556	569.843	769.083	217.258	Ratio
C	0.582	0.572	0.528	0.526	0.543	0.537	0.499	0.506	0.522	0.545	0.498	0.490	600
	95	93	90	88	90	91	85	83	91	90	85	82	GFP+RFP:485/20,528/20
	221	763	554	846	155	121	79	373	943	538	580	546	GFP+RFP:540/35,600/40
	379.529	1334.383	1049.441	1609.283	285.346	225.284	158.380	736.572	1806.860	986.251	1165.595	1114.286	Ratio
D	0.537	0.530	0.509	0.501	0.532	0.471	0.525	0.505	0.487	0.490	0.499	0.452	600
	92	89	85	86	91	82	90	87	85	82	84	83	GFP+RFP:485/20,528/20
	569	223	563	252	680	249	270	301	1043	805	357	118	GFP+RFP:540/35,600/40
	1059.393	420.675	1105.439	502.994	1278.917	528.326	514.188	596.040	2143.004	1641.517	716.005	261.120	Ratio
E	0.542	0.531	0.524	0.511	0.531	0.526	0.497	0.476	0.493	0.507	0.505	0.482	600
	92	90	88	86	88	91	87	82	83	87	86	83	GFP+RFP:485/20,528/20
	655	362	984	416	281	504	1727	165	294	320	91	533	GFP+RFP:540/35,600/40
	1209.156	681.604	1877.863	814.249	529.589	958.539	3476.948	346.711	595.986	630.666	180.162	1104.892	Ratio
F	0.530	0.540	0.516	0.482	0.514	0.505	0.495	0.507	0.543	0.522	0.497	0.491	600
	90	91	88	84	88	86	86	87	90	88	85	84	GFP+RFP:485/20,528/20
	334	72	537	226	612	380	355	85	138	599	127	70	GFP+RFP:540/35,600/40
	630.308	133.333	1040.698	468.491	1189.736	752.177	716.737	167.785	254.050	1148.169	255.739	142.537	Ratio
G	0.705	0.543	0.527	0.506	0.515	0.527	0.521	0.502	0.529	0.556	0.529	0.498	600
	114	91	88	86	86	89	87	84	89	89	90	86	GFP+RFP:485/20,528/20
	13914	458	108	329	371	805	153	148	377	550	246	48	GFP+RFP:540/35,600/40
	19733.371	843.773	204.972	649.556	720.248	1526.066	293.610	294.762	712.665	989.921	464.589	96.347	Ratio
H	0.548	0.548	0.538	0.515	0.544	0.530	0.532	0.539	0.541	0.520	0.513	0.522	600
	92	92	90	88	90	88	89	88	89	86	86	86	GFP+RFP:485/20,528/20
	725	624	659	493	300	140	341	700	365	591	465	1692	GFP+RFP:540/35,600/40
	1321.787	1138.894	1223.997	957.467	551.268	264.051	640.376	1297.498	674.552	1136.320	906.963	3243.865	Ratio

