

Software Version	2.07.17



Experiment File Path:	C:\Users\Public\Documents\Experiments\DA\210709-UPlibs-ecoli.xpt
Protocol File Path:	C:\Users\Public\Documents\Protocols\OD600_GFP_RFP_35gain.prt



Plate Number	Plate 11
Date	7/9/2021
Time	11:29:10 AM
Reader Type:	Synergy HTX
Reader Serial Number:	15021819
Reading Type	Reader

Procedure Details

Plate Type	96 WELL PLATE
Well Selection	Runtime
Eject plate on completion	
Read	Absorbance Endpoint
	Full Plate
	Wavelengths:  600
	Read Speed: Normal,  Delay: 100 msec,  Measurements/Data Point: 8
Read	GFP+RFP
	Fluorescence Endpoint
	Full Plate
	Filter Set 1
	    Excitation: 485/20,  Emission: 528/20
	    Optics: Bottom,  Gain: 35
	Filter Set 2
	    Excitation: 540/35,  Emission: 600/40
	    Optics: Bottom,  Gain: 35
	Light Source: Tungsten,  Extended Dynamic Range
	Read Speed: Normal,  Delay: 100 msec,  Measurements/Data Point: 10



Actual Temperature:	22.6



Actual Temperature:	22.6



Actual Temperature:	22.6

Results
	1	2	3	4	5	6	7	8	9	10	11	12
A	0.655	0.617	0.669	0.824	0.729	0.702	0.638	0.804	0.834	0.862	0.706	0.857	600
	68	68	68	84	77	74	70	82	88	128	75	100	GFP+RFP:485/20,528/20
	75	161	61	76	88	78	82	55	374	207	275	176	GFP+RFP:540/35,600/40
	114.539	261.067	91.194	92.267	120.664	111.048	128.426	68.425	448.603	240.195	389.739	205.344	Ratio
B	0.700	0.665	0.657	0.701	0.743	0.694	0.737	0.823	0.867	0.873	0.830	0.767	600
	74	72	73	72	73	72	76	86	121	136	89	80	GFP+RFP:485/20,528/20
	70	62	241	106	222	44	260	112	101	51	93	151	GFP+RFP:540/35,600/40
	100.014	93.163	366.540	151.148	298.748	63.373	352.638	136.054	116.547	58.433	112.116	196.794	Ratio
C	0.642	0.737	0.702	0.862	0.838	0.829	0.856	0.762	0.846	0.857	0.871	0.670	600
	69	76	71	85	84	185	99	80	96	119	100	72	GFP+RFP:485/20,528/20
	125	183	191	93	60	201	529	215	592	110	88	90	GFP+RFP:540/35,600/40
	194.553	248.270	272.235	107.914	71.608	242.607	618.063	282.263	699.598	128.385	100.999	134.248	Ratio
D	0.868	0.705	0.720	0.881	0.722	0.740	0.865	0.853	0.720	0.800	0.839	0.840	600
	102	71	73	97	75	76	112	98	75	80	91	102	GFP+RFP:485/20,528/20
	119	325	74	394	48	248	106	494	62	100	218	256	GFP+RFP:540/35,600/40
	137.034	461.189	102.721	447.067	66.528	334.999	122.543	579.132	86.135	124.953	259.895	304.617	Ratio
E	0.809	0.843	0.681	0.741	0.788	0.820	0.746	0.714	0.864	0.817	0.827	0.741	600
	91	90	73	76	82	86	84	75	105	87	103	80	GFP+RFP:485/20,528/20
	76	67	134	151	130	145	1267	114	589	706	189	63	GFP+RFP:540/35,600/40
	93.920	79.487	196.856	203.916	165.058	176.829	1699.531	159.753	682.108	864.137	228.537	84.974	Ratio
F	0.784	0.824	0.614	0.700	0.683	0.667	0.788	0.753	0.874	0.884	0.666	0.875	600
	82	86	71	75	75	73	85	78	219	119	72	116	GFP+RFP:485/20,528/20
	105	50	182	283	103	426	390	69	82	93	99	894	GFP+RFP:540/35,600/40
	133.894	60.658	296.320	404.055	150.805	638.202	494.610	91.573	93.843	105.192	148.716	1021.481	Ratio
G	0.839	0.646	0.662	0.692	0.804	0.836	0.802	0.751	0.866	0.838	0.833	0.676	600
	88	72	75	76	87	88	85	81	105	125	102	73	GFP+RFP:485/20,528/20
	118	46	152	140	69	628	184	63	420	211	77	67	GFP+RFP:540/35,600/40
	140.593	71.218	229.607	202.458	85.778	751.466	229.341	83.877	484.988	251.790	92.481	99.156	Ratio
H	0.672	0.647	0.638	0.639	0.855	0.847	0.724	0.705	0.807	0.805	0.665	0.690	600
	74	73	71	72	129	108	79	78	87	93	75	75	GFP+RFP:485/20,528/20
	200	45	49	253	188	350	101	193	774	41	137	48	GFP+RFP:540/35,600/40
	297.708	69.595	76.827	396.117	219.857	413.223	139.541	273.681	958.751	50.938	205.922	69.545	Ratio

