

Software Version	2.07.17



Experiment File Path:	C:\Users\Public\Documents\Experiments\DA\210709-UPlibs-ecoli.xpt
Protocol File Path:	C:\Users\Public\Documents\Protocols\OD600_GFP_RFP_35gain.prt



Plate Number	Plate 12
Date	7/9/2021
Time	11:33:24 AM
Reader Type:	Synergy HTX
Reader Serial Number:	15021819
Reading Type	Reader

Procedure Details

Plate Type	96 WELL PLATE
Well Selection	Runtime
Eject plate on completion	
Read	Absorbance Endpoint
	Full Plate
	Wavelengths:  600
	Read Speed: Normal,  Delay: 100 msec,  Measurements/Data Point: 8
Read	GFP+RFP
	Fluorescence Endpoint
	Full Plate
	Filter Set 1
	    Excitation: 485/20,  Emission: 528/20
	    Optics: Bottom,  Gain: 35
	Filter Set 2
	    Excitation: 540/35,  Emission: 600/40
	    Optics: Bottom,  Gain: 35
	Light Source: Tungsten,  Extended Dynamic Range
	Read Speed: Normal,  Delay: 100 msec,  Measurements/Data Point: 10



Actual Temperature:	22.7



Actual Temperature:	22.8



Actual Temperature:	22.8

Results
	1	2	3	4	5	6	7	8	9	10	11	12
A	0.505	0.464	0.501	0.491	0.538	0.575	0.564	0.576	0.591	0.663	0.554	0.526	600
	76	76	74	79	81	84	85	88	92	106	84	81	GFP+RFP:485/20,528/20
	166	254	63	189	537	588	415	73	916	1841	404	240	GFP+RFP:540/35,600/40
	328.973	547.768	125.698	384.929	998.884	1022.609	736.207	126.648	1550.178	2775.935	729.110	456.361	Ratio
B	0.499	0.552	0.506	0.532	0.561	0.532	0.540	0.770	0.758	0.703	0.634	0.526	600
	79	85	78	81	82	81	82	152	126	109	97	82	GFP+RFP:485/20,528/20
	116	137	429	203	1065	89	445	1601	1267	80	731	557	GFP+RFP:540/35,600/40
	232.325	248.188	848.161	381.364	1899.411	167.325	824.379	2079.221	1671.725	113.798	1153.179	1058.131	Ratio
C	0.487	0.512	0.521	0.518	0.515	0.711	0.572	0.601	0.613	0.709	0.611	0.551	600
	74	79	78	80	79	123	87	93	94	113	92	84	GFP+RFP:485/20,528/20
	369	416	272	416	63	1230	576	389	215	394	95	653	GFP+RFP:540/35,600/40
	757.078	812.818	522.173	802.624	122.283	1728.985	1006.465	647.578	350.620	555.556	155.585	1184.903	Ratio
D	0.517	0.511	0.504	0.519	0.509	0.534	0.560	0.612	0.532	0.526	0.557	0.559	600
	82	80	78	80	78	83	85	91	82	79	87	87	GFP+RFP:485/20,528/20
	413	337	390	1291	109	380	683	1415	349	272	3304	1211	GFP+RFP:540/35,600/40
	798.222	659.362	774.117	2488.915	214.019	710.945	1218.772	2310.581	655.522	517.209	5928.584	2165.594	Ratio
E	0.546	0.510	0.521	0.530	0.537	0.573	0.572	0.550	0.561	0.550	0.502	0.527	600
	85	79	81	83	84	87	88	84	87	84	84	81	GFP+RFP:485/20,528/20
	203	88	441	1938	323	184	892	464	332	467	745	152	GFP+RFP:540/35,600/40
	371.727	172.617	845.962	3658.675	601.042	320.949	1559.986	844.097	592.328	848.628	1483.177	288.316	Ratio
F	0.545	0.513	0.516	0.523	0.552	0.555	0.611	0.596	0.842	0.644	0.524	0.532	600
	85	80	79	80	86	85	93	91	300	101	84	82	GFP+RFP:485/20,528/20
	356	73	500	517	551	239	402	142	537	185	1155	538	GFP+RFP:540/35,600/40
	653.571	142.217	968.429	988.528	997.466	430.786	657.507	238.335	637.995	287.356	2204.198	1012.039	Ratio
G	0.544	0.524	0.535	0.547	0.490	0.533	0.547	0.564	0.638	0.748	0.582	0.504	600
	83	82	84	84	80	83	85	88	102	128	90	80	GFP+RFP:485/20,528/20
	325	58	1151	440	136	433	394	312	518	339	155	418	GFP+RFP:540/35,600/40
	597.317	110.687	2149.795	804.094	277.664	811.774	720.820	552.995	812.294	453.512	266.415	828.872	Ratio
H	0.552	0.498	0.491	0.500	0.557	0.541	0.528	0.580	0.552	0.533	0.543	0.511	600
	86	80	79	80	88	86	83	94	88	90	86	82	GFP+RFP:485/20,528/20
	2412	94	113	725	367	1052	169	893	863	41	835	57	GFP+RFP:540/35,600/40
	4369.565	188.641	229.908	1450.290	658.650	1945.986	320.318	1539.921	1562.557	76.894	1538.603	111.546	Ratio

