

Software Version	2.07.17



Experiment File Path:	C:\Users\Public\Documents\Experiments\DA\210709-UPlibs-ecoli.xpt
Protocol File Path:	C:\Users\Public\Documents\Protocols\OD600_GFP_RFP_35gain.prt



Plate Number	Plate 14
Date	7/9/2021
Time	11:41:10 AM
Reader Type:	Synergy HTX
Reader Serial Number:	15021819
Reading Type	Reader

Procedure Details

Plate Type	96 WELL PLATE
Well Selection	Runtime
Eject plate on completion	
Read	Absorbance Endpoint
	Full Plate
	Wavelengths:  600
	Read Speed: Normal,  Delay: 100 msec,  Measurements/Data Point: 8
Read	GFP+RFP
	Fluorescence Endpoint
	Full Plate
	Filter Set 1
	    Excitation: 485/20,  Emission: 528/20
	    Optics: Bottom,  Gain: 35
	Filter Set 2
	    Excitation: 540/35,  Emission: 600/40
	    Optics: Bottom,  Gain: 35
	Light Source: Tungsten,  Extended Dynamic Range
	Read Speed: Normal,  Delay: 100 msec,  Measurements/Data Point: 10



Actual Temperature:	23.0



Actual Temperature:	23.0



Actual Temperature:	23.0

Results
	1	2	3	4	5	6	7	8	9	10	11	12
A	0.545	0.538	0.542	0.536	0.593	0.642	0.794	0.797	0.830	0.888	0.516	0.508	600
	85	87	84	85	90	103	150	148	153	179	88	84	GFP+RFP:485/20,528/20
	880	836	894	1058	889	2399	4471	2868	2735	3332	738	40	GFP+RFP:540/35,600/40
	1613.495	1554.192	1649.142	1973.144	1499.916	3734.433	5631.692	3599.398	3294.784	3750.563	1428.848	78.787	Ratio
B	0.557	0.658	0.664	0.610	0.641	0.584	0.664	0.683	0.933	0.912	0.757	0.588	600
	88	103	102	93	97	89	98	108	234	231	128	91	GFP+RFP:485/20,528/20
	1526	1763	2326	1431	2117	755	750	2928	6164	4491	1741	1316	GFP+RFP:540/35,600/40
	2740.169	2677.297	3503.540	2346.671	3303.683	1293.473	1130.199	4288.225	6604.522	4923.802	2299.868	2239.619	Ratio
C	0.540	0.567	0.504	0.563	0.550	0.582	0.572	0.630	0.786	0.886	0.558	0.555	600
	87	91	86	91	88	94	91	101	138	219	88	88	GFP+RFP:485/20,528/20
	787	1253	700	1191	721	1595	826	1682	2855	6357	661	988	GFP+RFP:540/35,600/40
	1457.138	2211.437	1388.063	2115.453	1310.909	2739.138	1444.561	2670.689	3630.468	7174.134	1184.376	1780.501	Ratio
D	0.563	0.575	0.547	0.550	0.591	0.557	0.581	0.610	0.551	0.552	0.572	0.586	600
	89	90	87	86	93	87	89	97	88	88	91	92	GFP+RFP:485/20,528/20
	1033	1771	791	43	1463	41	1154	1040	559	996	1216	1412	GFP+RFP:540/35,600/40
	1834.488	3079.464	1446.598	78.182	2477.142	73.556	1987.941	1706.317	1015.072	1802.715	2127.362	2410.791	Ratio
E	0.561	0.567	0.561	0.569	0.551	0.568	0.557	0.524	0.496	0.501	0.702	0.465	600
	92	93	89	92	88	91	90	85	81	82	281	83	GFP+RFP:485/20,528/20
	1126	1338	520	1732	1240	1832	1405	697	489	42	2301	445	GFP+RFP:540/35,600/40
	2006.057	2360.205	927.412	3042.333	2251.271	3227.057	2523.801	1328.885	985.887	83.866	3279.647	957.813	Ratio
F	0.550	0.559	0.572	0.554	0.569	0.581	0.634	0.660	0.683	0.822	0.557	0.555	600
	88	90	90	85	91	89	98	106	111	149	91	87	GFP+RFP:485/20,528/20
	905	898	1668	695	1180	617	2034	2613	1451	2934	1551	516	GFP+RFP:540/35,600/40
	1646.053	1607.590	2914.046	1254.513	2073.085	1061.962	3210.227	3957.892	2126.007	3571.081	2785.560	929.562	Ratio
G	0.557	0.582	0.617	0.560	0.570	0.549	0.598	0.567	0.897	0.908	0.847	0.535	600
	89	90	95	89	89	89	96	89	192	214	169	88	GFP+RFP:485/20,528/20
	1408	43	1954	680	872	1063	1320	595	4942	6205	5284	814	GFP+RFP:540/35,600/40
	2527.374	73.832	3169.505	1214.720	1529.288	1935.190	2209.205	1049.198	5511.319	6835.206	6237.016	1520.359	Ratio
H	0.587	0.562	0.558	0.545	0.578	0.593	0.639	0.723	0.656	0.701	0.548	0.551	600
	91	91	89	87	91	93	104	123	105	113	89	87	GFP+RFP:485/20,528/20
	1339	567	1056	1148	1484	2008	1915	2536	1471	1795	1242	1065	GFP+RFP:540/35,600/40
	2279.925	1009.436	1893.831	2106.036	2567.918	3387.886	2997.808	3507.607	2242.720	2560.262	2266.837	1932.148	Ratio

