

Software Version	2.07.17



Experiment File Path:	C:\Users\Public\Documents\Experiments\DA\210709-UPlibs-ecoli.xpt
Protocol File Path:	C:\Users\Public\Documents\Protocols\OD600_GFP_RFP_35gain.prt



Plate Number	Plate 2
Date	7/9/2021
Time	10:54:28 AM
Reader Type:	Synergy HTX
Reader Serial Number:	15021819
Reading Type	Reader

Procedure Details

Plate Type	96 WELL PLATE
Well Selection	Runtime
Eject plate on completion	
Read	Absorbance Endpoint
	Full Plate
	Wavelengths:  600
	Read Speed: Normal,  Delay: 100 msec,  Measurements/Data Point: 8
Read	GFP+RFP
	Fluorescence Endpoint
	Full Plate
	Filter Set 1
	    Excitation: 485/20,  Emission: 528/20
	    Optics: Bottom,  Gain: 35
	Filter Set 2
	    Excitation: 540/35,  Emission: 600/40
	    Optics: Bottom,  Gain: 35
	Light Source: Tungsten,  Extended Dynamic Range
	Read Speed: Normal,  Delay: 100 msec,  Measurements/Data Point: 10



Actual Temperature:	21.4



Actual Temperature:	21.4



Actual Temperature:	21.4

Results
	1	2	3	4	5	6	7	8	9	10	11	12
A	0.917	0.910	0.896	0.920	0.934	0.950	0.915	0.919	0.917	0.928	0.920	0.919	600
	298	301	293	303	307	313	299	302	305	307	298	293	GFP+RFP:485/20,528/20
	46	48	48	1669	2414	3346	51	234	1732	2390	1832	2170	GFP+RFP:540/35,600/40
	50.153	52.753	53.565	1814.328	2585.690	3523.960	55.744	254.486	1889.592	2576.542	1991.954	2361.262	Ratio
B	0.944	0.960	0.971	0.958	0.945	0.910	0.922	0.918	0.967	0.921	0.917	0.926	600
	308	309	313	316	308	299	299	298	316	311	301	300	GFP+RFP:485/20,528/20
	6810	7062	6984	4575	3011	117	2406	1303	4866	4728	623	2763	GFP+RFP:540/35,600/40
	7217.806	7359.316	7193.326	4774.079	3186.918	128.600	2609.261	1418.926	5034.140	5131.879	679.241	2983.801	Ratio
C	0.977	0.986	0.982	0.939	0.928	0.932	0.919	0.967	0.946	0.939	0.949	0.906	600
	314	325	314	315	310	315	302	321	303	310	311	299	GFP+RFP:485/20,528/20
	7944	8127	7874	1185	721	2070	1463	4491	2459	3224	2461	799	GFP+RFP:540/35,600/40
	8133.511	8242.394	8019.147	1261.578	777.107	2220.315	1592.641	4642.340	2598.542	3434.537	2594.076	881.704	Ratio
D	1.053	1.055	1.039	0.929	0.913	0.913	0.908	0.942	0.895	0.919	0.915	0.891	600
	326	329	314	299	304	300	292	301	294	295	300	297	GFP+RFP:485/20,528/20
	20260	20432	19524	3502	671	2020	1861	5213	288	3419	1467	841	GFP+RFP:540/35,600/40
	19243.921	19376.008	18794.763	3771.269	735.101	2213.456	2049.108	5534.558	321.824	3720.753	1602.403	944.095	Ratio
E	0.930	0.918	0.924	0.903	0.974	0.939	0.904	0.909	0.898	1.010	0.932	0.913	600
	308	303	310	305	316	312	296	296	299	298	314	304	GFP+RFP:485/20,528/20
	2400	2093	3564	497	5573	3530	1611	2014	128	18755	1772	596	GFP+RFP:540/35,600/40
	2580.090	2280.205	3858.396	550.449	5724.705	3759.318	1781.883	2214.891	142.476	18572.985	1900.676	652.936	Ratio
F	0.923	0.933	0.932	0.920	0.937	0.947	0.900	0.979	0.951	0.957	0.923	0.910	600
	303	315	302	304	308	312	296	320	313	318	306	314	GFP+RFP:485/20,528/20
	1350	2174	1303	171	2197	1902	1184	6408	1855	4306	1608	311	GFP+RFP:540/35,600/40
	1463.256	2330.617	1398.219	185.769	2343.967	2008.872	1315.994	6547.461	1950.168	4499.007	1742.145	341.721	Ratio
G	0.916	0.922	0.896	0.923	0.926	0.913	0.878	0.860	0.915	0.920	0.879	0.808	600
	299	311	293	313	311	301	292	289	308	318	294	266	GFP+RFP:485/20,528/20
	2243	788	92	114	2494	433	1213	91	1193	1268	2802	3089	GFP+RFP:540/35,600/40
	2448.155	855.035	102.621	123.443	2692.142	474.417	1380.763	105.789	1304.395	1378.261	3189.165	3823.966	Ratio
H	0.898	0.942	0.900	0.918	0.934	0.890	0.922	0.917	0.918	0.914	0.913	0.910	600
	296	304	290	296	302	294	296	311	302	298	302	297	GFP+RFP:485/20,528/20
	52	3050	818	2453	2643	53	1483	49	1007	45	2631	2792	GFP+RFP:540/35,600/40
	57.881	3237.105	909.293	2671.531	2830.674	59.551	1608.460	53.447	1097.069	49.229	2880.447	3067.458	Ratio

