

Software Version	2.07.17



Experiment File Path:	C:\Users\Public\Documents\Experiments\DA\210709-UPlibs-ecoli.xpt
Protocol File Path:	C:\Users\Public\Documents\Protocols\OD600_GFP_RFP_35gain.prt



Plate Number	Plate 1
Date	7/9/2021
Time	10:40:47 AM
Reader Type:	Synergy HTX
Reader Serial Number:	Unknown
Reading Type	Reader

Procedure Details

Plate Type	96 WELL PLATE
Well Selection	Runtime
Eject plate on completion	
Read	Absorbance Endpoint
	Full Plate
	Wavelengths:  600
	Read Speed: Normal,  Delay: 100 msec,  Measurements/Data Point: 8
Read	GFP+RFP
	Fluorescence Endpoint
	Full Plate
	Filter Set 1
	    Excitation: 485/20,  Emission: 528/20
	    Optics: Bottom,  Gain: 35
	Filter Set 2
	    Excitation: 540/35,  Emission: 600/40
	    Optics: Bottom,  Gain: 35
	Light Source: Tungsten,  Extended Dynamic Range
	Read Speed: Normal,  Delay: 100 msec,  Measurements/Data Point: 10



Actual Temperature:	21.2



Actual Temperature:	21.2



Actual Temperature:	21.2

Results
	1	2	3	4	5	6	7	8	9	10	11	12
A	0.911	0.897	0.911	0.909	0.902	0.898	0.907	0.920	0.898	0.902	0.910	0.905	600
	226	213	214	212	223	219	226	226	223	225	215	217	GFP+RFP:485/20,528/20
	47	45	45	107	123	161	45	54	66	1826	61	206	GFP+RFP:540/35,600/40
	51.614	50.190	49.402	117.725	136.349	179.367	49.587	58.708	73.472	2023.717	67.004	227.700	Ratio
B	0.907	0.899	0.925	0.932	0.915	0.939	0.890	0.911	0.938	0.954	0.889	0.927	600
	219	219	222	229	224	234	216	216	233	229	219	228	GFP+RFP:485/20,528/20
	161	158	165	110	85	107	82	113	149	1215	84	1005	GFP+RFP:540/35,600/40
	177.587	175.770	178.417	117.988	92.856	113.975	92.124	124.080	158.899	1273.852	94.488	1083.558	Ratio
C	0.939	0.910	0.921	0.915	0.917	0.898	0.918	0.911	0.922	0.934	0.916	0.909	600
	219	228	223	224	223	216	226	221	224	225	223	214	GFP+RFP:485/20,528/20
	95	85	87	119	72	89	808	176	747	107	934	75	GFP+RFP:540/35,600/40
	101.225	93.427	94.442	130.040	78.508	99.076	880.270	193.131	810.283	114.549	1019.873	82.535	Ratio
D	1.057	1.084	1.063	0.924	0.933	0.931	0.913	0.936	0.931	0.948	0.957	0.916	600
	250	258	253	224	226	227	222	226	222	228	227	228	GFP+RFP:485/20,528/20
	17930	18477	17837	1620	88	72	70	143	59	461	78	95	GFP+RFP:540/35,600/40
	16958.290	17045.203	16776.712	1753.057	94.340	77.295	76.696	152.827	63.386	486.133	81.479	103.746	Ratio
E	0.903	0.915	0.924	0.903	0.922	0.918	0.911	0.942	0.957	0.995	0.931	0.880	600
	222	220	227	216	227	222	220	228	235	223	225	209	GFP+RFP:485/20,528/20
	124	191	68	65	230	194	784	880	74	18227	1482	1236	GFP+RFP:540/35,600/40
	137.366	208.834	73.561	71.958	249.458	211.283	860.782	934.083	77.357	18318.593	1592.179	1405.184	Ratio
F	0.923	0.920	0.934	0.926	0.924	0.936	0.840	0.940	0.935	0.936	0.912	0.906	600
	230	225	228	225	225	225	205	232	227	226	223	225	GFP+RFP:485/20,528/20
	858	1474	1015	85	1661	1170	1734	2630	663	1757	600	87	GFP+RFP:540/35,600/40
	929.376	1601.652	1086.491	91.783	1796.647	1250.000	2064.040	2797.277	709.394	1877.137	657.750	95.995	Ratio
G	0.892	0.911	0.934	0.925	0.955	0.924	0.926	0.890	0.941	0.932	0.932	0.918	600
	221	226	227	229	232	221	226	221	229	222	228	225	GFP+RFP:485/20,528/20
	759	78	55	63	1876	147	864	59	113	670	1885	1582	GFP+RFP:540/35,600/40
	850.801	85.573	58.887	68.115	1965.015	159.056	932.844	66.285	120.098	718.884	2022.966	1722.749	Ratio
H	0.902	0.916	0.915	0.929	0.937	0.928	0.844	0.888	0.884	0.896	0.893	0.836	600
	223	229	231	225	231	230	211	217	218	226	224	211	GFP+RFP:485/20,528/20
	48	2162	514	1728	1877	54	779	50	506	46	2212	1995	GFP+RFP:540/35,600/40
	53.191	2360.777	561.565	1859.264	2004.271	58.190	922.767	56.319	572.204	51.356	2477.599	2387.506	Ratio

